CycPeptMPDB_ID,Source,Year,Original_Name_in_Source_Literature,Structurally_Unique_ID,SMILES,Monomer_Length,Molecule_Shape,PAMPA,Caco2,MDCK,RRCK,MolLogP,split1,split2,split3,split4,split5,split6,split7,split8,split9,split10,Normalized_PAMPA,Binary,Soft_Label,TPSA,Sequence_TPSA,Sum_Seq_PSA,TPSA_consistence,Normalized_MolLogP,Normalized_TPSA,Pred_Normalized_PAMPA,Pred_Normalized_TPSA
4718,2020_Townsend,2020,hepta_1141,4718,CC(C)C[C@H]1NC(=O)[C@@H]2CCCN2C(=O)[C@@H](CC(C)C)NC(=O)[C@@H](CC(C)C)NC(=O)[C@@H](C)N(C)C(=O)[C@@H]2CCCN2C(=O)[C@H](Cc2ccccc2)NC1=O,7,Circle,-6.01,,,,2.1491,train,test,train,test,train,train,train,train,train,train,-0.005,0,0.4975,177.33,"[20.31, 20.31, 29.1, 29.1, 20.31, 29.1, 29.1]",177.33,True,0.035015943,-0.644573038,-0.14795244,-0.6533267
5922,2021_Kelly,2021,L1_11.4.3.4.3.2,5922,CC(=O)N1CCC[C@@H]1C(=O)N(C)[C@@H](CC(C)C)C(=O)N[C@@H]1C(=O)N(C)[C@H](CC(C)C)C(=O)N(C)[C@@H](CC(C)C)C(=O)N(C)[C@H](CC(C)C)C(=O)N(C)[C@@H](C)C(=O)N[C@H](CC(C)C)C(=O)N2CCC[C@H]2C(=O)O[C@@H]1C,10,Lariat,-5.35,,,,3.2886,test,train,train,test,train,train,train,test,train,valid,0.325,1,1.0,226.67,"[17.07, 20.31, 20.31, 38.33, 20.31, 20.31, 20.31, 20.31, 29.1, 20.31]",226.67,True,0.266666599,-0.268892527,0.1574512,-0.3050931
2833,2020_Townsend,2020,hexa_319,2833,CCCN1CC(=O)N(C)[C@@H](CC(C)C)C(=O)N(C)[C@@H](CC(C)C)C(=O)N2CCC[C@H]2C(=O)N(Cc2ccccc2)CC(=O)N[C@@H](Cc2ccccc2)C1=O,6,Circle,-4.88,,,,3.7321,valid,valid,train,test,train,train,train,train,train,train,0.56,1,1.0,130.65,"[20.31, 20.31, 20.31, 20.31, 20.31, 29.1]",130.65,True,0.356826376,-1.0,0.45863914,-0.98796844
1756,2016_Furukawa,2016,2.7-07Me,1756,CCCC[C@@H]1NC(=O)[C@@H](CC(C)C)N(C)C(=O)CN(CC2CCOCC2)C(=O)[C@@H](C)NC(=O)CN(CCCOC(C)C)C(=O)[C@@H]2CCCN2C1=O,6,Circle,-7.42,,,,1.9427,train,valid,test,test,train,train,valid,train,train,valid,-0.71,0,0.0,157.9,"[29.1, 29.54, 20.31, 29.1, 20.31, 29.54]",157.9,True,-0.006943421,-0.792515323,-0.43864784,-0.7617456
2550,2020_Townsend,2020,hexa_36,2550,CC(C)C[C@H]1C(=O)N2CCC[C@@H]2C(=O)N(C)[C@@H](CC(C)C)C(=O)N[C@@H](Cc2ccccc2)C(=O)N[C@@H](Cc2ccccc2)CC(=O)N[C@H](CC(C)C)C(=O)N1C,6,Circle,-5.5,,,,4.1132,train,train,train,test,train,test,train,train,train,train,0.25,1,0.625,148.23,"[29.1, 29.1, 20.31, 20.31, 20.31, 29.1]",148.23,True,0.434300764,-0.866143831,0.32082346,-0.91450316
3806,2020_Townsend,2020,hepta_229,3806,CC(C)C[C@@H]1C(=O)N[C@@H](Cc2ccccc2)C(=O)N2CCC[C@@H]2C(=O)N[C@H](C)C(=O)N(C)[C@H](CC(C)C)C(=O)N[C@@H](Cc2ccccc2)CC(=O)N2CCC[C@H]2C(=O)N1C,7,Circle,-5.64,,,,3.078,train,train,train,test,test,valid,valid,train,train,test,0.18,1,0.59,168.54,"[20.31, 29.1, 20.31, 29.1, 20.31, 20.31, 29.1]",168.54,True,0.223853411,-0.711501123,0.09093101,-0.6776222
4363,2020_Townsend,2020,hepta_786,4363,CC(C)C[C@H]1C(=O)N(Cc2ccccc2)CC(=O)N2CCC[C@@H]2C(=O)N(C)[C@H](CC(C)C)C(=O)N[C@@H](Cc2ccccc2)C(=O)N2CCC[C@@H]2C(=O)N(C)[C@H](C)C(=O)N1C,7,Circle,-5.75,,,,3.3314,valid,train,train,test,valid,test,train,train,train,train,0.125,1,0.5625,150.96,"[20.31, 20.31, 20.31, 20.31, 20.31, 20.31, 29.1]",150.96,True,0.275367475,-0.845357292,-0.024779666,-0.853673
7055,2021_Kelly,2021,L4_4.1.4.1.1,7055,CC(=O)N[C@@H]1C(=O)N2CCC[C@H]2C(=O)N(C)[C@H](CC(C)C)C(=O)N(C)[C@H](CC(C)C)C(=O)N[C@@H](CC(C)C)C(=O)N(C)[C@H](CC(C)C)C(=O)N[C@@H](C)C(=O)N[C@@H](CC(C)C)C(=O)N2CCC[C@@H]2C(=O)O[C@@H]1C,10,Lariat,-5.91,,,,2.6042,train,train,valid,test,train,train,train,train,train,train,0.045,1,0.5225,244.25,"[17.07, 38.33, 20.31, 20.31, 20.31, 29.1, 20.31, 29.1, 29.1, 20.31]",244.25,True,0.127533901,-0.135036357,-0.009960376,-0.083579406
3743,2020_Townsend,2020,hepta_166,3743,CC(C)C[C@@H]1NC(=O)[C@@H](C)NC(=O)[C@H]2CCCN2C(=O)[C@H](Cc2ccccc2)NC(=O)[C@H](CC(C)C)N(C)C(=O)[C@@H]2CCCN2C(=O)[C@@H](CC(C)C)NC1=O,7,Circle,-6.54,,,,2.1491,train,train,train,test,valid,train,train,train,train,valid,-0.27,0,0.0,177.33,"[20.31, 29.1, 29.1, 29.1, 20.31, 20.31, 29.1]",177.33,True,0.035015943,-0.644573038,-0.06697869,-0.6725041
3238,2020_Townsend,2020,hexa_724,3238,CC(C)C[C@@H]1NC(=O)[C@@H](CC(C)C)NC(=O)[C@H](C)N(C)C(=O)[C@H](Cc2ccccc2)NC(=O)[C@H](CC(C)C)N(C)C(=O)[C@@H]2CCCN2C1=O,6,Circle,-5.09,,,,2.5003,train,train,train,test,test,train,train,train,train,train,0.455,1,1.0,148.23,"[20.31, 29.1, 29.1, 20.31, 20.31, 29.1]",148.23,True,0.106411915,-0.866143831,0.29868335,-0.8893517
4242,2020_Townsend,2020,hepta_665,4242,CC(C)C[C@H]1C(=O)N2CCC[C@@H]2C(=O)N(C)[C@@H](CC(C)C)C(=O)N[C@@H](Cc2ccccc2)C(=O)N2CCC[C@@H]2C(=O)N(C)[C@@H](C)C(=O)N(C)[C@H](CC(C)C)C(=O)N1C,7,Circle,-4.96,,,,3.1757,train,train,train,test,train,valid,train,train,train,train,0.52,1,1.0,150.96,"[20.31, 20.31, 20.31, 20.31, 20.31, 20.31, 29.1]",150.96,True,0.243714989,-0.845357292,0.3744359,-0.8741082
4490,2020_Townsend,2020,hepta_913,4490,CC(C)C[C@@H]1NC(=O)[C@@H](CC(C)C)N(C)C(=O)[C@@H](C)NC(=O)[C@@H]2CCCN2C(=O)[C@H](Cc2ccccc2)NC(=O)[C@@H](CC(C)C)NC(=O)[C@@H]2CCCN2C1=O,7,Circle,-5.9,,,,2.1491,train,train,test,test,train,test,valid,train,train,train,0.05,1,0.525,177.33,"[20.31, 29.1, 20.31, 29.1, 20.31, 29.1, 29.1]",177.33,True,0.035015943,-0.644573038,-0.17121547,-0.6471921
7127,2021_Kelly,2021,L5_44,7127,CC[C@@H]1NC(=O)[C@@H](Cc2ccccc2)NC(=O)[C@@H](NC(=O)[C@@H](CC(C)C)N(C)C(=O)[C@@H]2CCCN2C(C)=O)[C@@H](C)OC(=O)[C@@H]2CCCN2C(=O)[C@H](CC(C)C)NC(=O)[C@@H](C)N(C)C(=O)[C@@H](CC2CCCCC2)NC1=O,10,Lariat,-5.59,,,,2.7468,train,valid,train,test,test,train,test,train,train,train,0.205,1,0.6025,253.04,"[17.07, 20.31, 20.31, 38.33, 29.1, 29.1, 29.1, 20.31, 29.1, 20.31]",253.04,True,0.156523268,-0.068108273,0.16334209,-0.054078043
4010,2020_Townsend,2020,hepta_433,4010,CC(C)C[C@H]1C(=O)N[C@@H](Cc2ccccc2)C(=O)N2CCC[C@@H]2C(=O)N(C)[C@@H](C)C(=O)N(C)[C@H](CC(C)C)C(=O)N[C@H](CC(C)C)C(=O)N2CCC[C@H]2C(=O)N1C,7,Circle,-5.27,,,,2.8335,valid,train,train,test,train,train,train,train,train,train,0.365,1,1.0,159.75,"[20.31, 20.31, 20.31, 29.1, 20.31, 20.31, 29.1]",159.75,True,0.174148641,-0.778429208,0.35201225,-0.7856742
6470,2021_Kelly,2021,L1_4.4.4.2.3.1,6470,CC(=O)N1CCC[C@@H]1C(=O)N(C)[C@@H](CC(C)C)C(=O)N[C@@H]1C(=O)N(C)[C@H](CC(C)C)C(=O)N(C)[C@H](CC(C)C)C(=O)N[C@H](CC(C)C)C(=O)N(C)[C@@H](C)C(=O)N[C@@H](CC(C)C)C(=O)N2CCC[C@@H]2C(=O)O[C@@H]1C,10,Lariat,-5.32,,,,2.9464,train,train,train,test,valid,train,valid,test,train,train,0.34,1,1.0,235.46,"[17.07, 20.31, 20.31, 38.33, 20.31, 20.31, 29.1, 20.31, 29.1, 20.31]",235.46,True,0.19710025,-0.201964442,0.28858465,-0.18459333
5739,2021_Kelly,2021,L1_1.3.4.1.1.1,5739,CC(=O)N1CCC[C@H]1C(=O)N(C)[C@@H](CC(C)C)C(=O)N[C@@H]1C(=O)N(C)[C@@H](CC(C)C)C(=O)N(C)[C@H](CC(C)C)C(=O)N[C@@H](CC(C)C)C(=O)N[C@@H](C)C(=O)N[C@@H](CC(C)C)C(=O)N2CCC[C@H]2C(=O)O[C@@H]1C,10,Lariat,-6.02,,,,2.6042,test,test,train,test,train,train,train,train,train,train,-0.01,0,0.495,244.25,"[17.07, 20.31, 20.31, 38.33, 20.31, 20.31, 29.1, 29.1, 29.1, 20.31]",244.25,True,0.127533901,-0.135036357,-0.39531982,-0.1501863
5878,2021_Kelly,2021,L1_11.2.2.4.3.2,5878,CC(=O)N1CCC[C@@H]1C(=O)N(C)[C@@H](CC(C)C)C(=O)N[C@@H]1C(=O)N[C@H](CC(C)C)C(=O)N[C@H](CC(C)C)C(=O)N(C)[C@H](CC(C)C)C(=O)N(C)[C@@H](C)C(=O)N[C@H](CC(C)C)C(=O)N2CCC[C@H]2C(=O)O[C@@H]1C,10,Lariat,-5.78,,,,2.6042,train,train,train,test,train,train,train,train,train,train,0.11,1,0.555,244.25,"[17.07, 20.31, 20.31, 38.33, 29.1, 29.1, 20.31, 20.31, 29.1, 20.31]",244.25,True,0.127533901,-0.135036357,0.14452578,-0.11153507
4581,2020_Townsend,2020,hepta_1004,4581,CC(C)C[C@H]1C(=O)N[C@H](CC(C)C)C(=O)N2CCC[C@@H]2C(=O)N(C)[C@H](CC(C)C)C(=O)N[C@@H](Cc2ccccc2)C(=O)N2CCC[C@H]2C(=O)N[C@@H](C)C(=O)N1C,7,Circle,-5.72,,,,2.4913,train,train,train,test,train,valid,train,train,train,train,0.14,1,0.57,168.54,"[20.31, 29.1, 20.31, 29.1, 20.31, 20.31, 29.1]",168.54,True,0.104582292,-0.711501123,0.1172031,-0.6953064
1647,2016_Furukawa,2016,2.4-06Me,1647,CCCC[C@@H]1NC(=O)[C@H](CC(C)C)N(C)C(=O)CN(CC2CCCCC2)C(=O)[C@@H](C)NC(=O)CN(CCCOC(C)C)C(=O)[C@H]2CCCN2C1=O,6,Circle,-5.47,,,,3.0964,train,train,valid,test,train,test,train,train,train,train,0.265,1,1.0,148.67,"[29.1, 20.31, 20.31, 29.1, 20.31, 29.54]",148.67,True,0.227593974,-0.862793619,0.38243437,-0.824353
4141,2020_Townsend,2020,hepta_564,4141,CC(C)C[C@H]1NC(=O)[C@@H]2CCCN2C(=O)C[C@H](Cc2ccccc2)NC(=O)[C@@H](CC(C)C)NC(=O)[C@@H](C)N(C)C(=O)[C@H]2CCCN2C(=O)[C@H](Cc2ccccc2)NC1=O,7,Circle,-6.55,,,,2.7358,train,train,train,test,train,train,train,test,train,train,-0.275,0,0.0,177.33,"[20.31, 20.31, 29.1, 29.1, 20.31, 29.1, 29.1]",177.33,True,0.154287062,-0.644573038,-0.29408503,-0.64417017
4675,2020_Townsend,2020,hepta_1098,4675,CC(C)C[C@H]1NC(=O)[C@@H]2CCCN2C(=O)CN(Cc2ccccc2)C(=O)[C@@H](CC(C)C)N(C)C(=O)[C@H](C)N(C)C(=O)[C@@H]2CCCN2C(=O)[C@H](Cc2ccccc2)NC1=O,7,Circle,-6.36,,,,2.9892,test,train,train,test,train,train,train,train,train,train,-0.18,0,0.41,159.75,"[20.31, 20.31, 20.31, 20.31, 20.31, 29.1, 29.1]",159.75,True,0.205801126,-0.778429208,-0.20662628,-0.80519116
1523,2016_Furukawa,2016,1.10-30,1523,CCCCCN1CC(=O)N(C)[C@@H](CC(C)C)C(=O)N[C@@H](CCCC)C(=O)N2CCC[C@@H]2C(=O)N(Cc2ccccc2Cn2cccn2)CC(=O)N[C@@H](Cc2ccc3ccccc3c2)C1=O,6,Circle,-7.8,,,,5.7122,train,train,train,test,train,test,valid,train,train,train,-0.9,0,0.0,157.26,"[29.1, 20.31, 20.31, 29.1, 20.31, 38.13]",157.26,True,0.75936386,-0.797388358,-0.86169994,-0.83948386
6344,2021_Kelly,2021,L1_3.2.3.4.3.1,6344,CC(=O)N1CCC[C@@H]1C(=O)N(C)[C@@H](CC(C)C)C(=O)N[C@@H]1C(=O)N[C@H](CC(C)C)C(=O)N(C)[C@@H](CC(C)C)C(=O)N(C)[C@H](CC(C)C)C(=O)N(C)[C@@H](C)C(=O)N[C@@H](CC(C)C)C(=O)N2CCC[C@H]2C(=O)O[C@@H]1C,10,Lariat,-5.37,,,,2.9464,train,train,train,test,train,train,train,train,train,train,0.315,1,1.0,235.46,"[17.07, 20.31, 20.31, 38.33, 29.1, 20.31, 20.31, 20.31, 29.1, 20.31]",235.46,True,0.19710025,-0.201964442,0.21981463,-0.2170676
2973,2020_Townsend,2020,hexa_459,2973,CC(C)C[C@@H]1NC(=O)[C@@H](C)NC(=O)[C@H](Cc2ccccc2)NC(=O)[C@@H](CC(C)C)NC(=O)[C@@H]2CCCN2C(=O)CN(Cc2ccccc2)C1=O,6,Circle,-6.63,,,,2.3138,train,train,train,test,train,train,train,train,train,train,-0.315,0,0.0,157.02,"[29.1, 29.1, 20.31, 20.31, 29.1, 29.1]",157.02,True,0.068498052,-0.799215746,-0.035017572,-0.83870447
6513,2021_Kelly,2021,L1_5.2.4.4.1.1,6513,CC(=O)N1CCC[C@H]1C(=O)N(C)[C@H](CC(C)C)C(=O)N[C@@H]1C(=O)N[C@H](CC(C)C)C(=O)N(C)[C@H](CC(C)C)C(=O)N(C)[C@H](CC(C)C)C(=O)N[C@@H](C)C(=O)N[C@@H](CC(C)C)C(=O)N2CCC[C@H]2C(=O)O[C@@H]1C,10,Lariat,-6.38,,,,2.6042,train,train,train,test,train,train,train,train,train,train,-0.19,0,0.405,244.25,"[17.07, 20.31, 20.31, 38.33, 29.1, 20.31, 20.31, 29.1, 29.1, 20.31]",244.25,True,0.127533901,-0.135036357,0.0931434,-0.0716033
4064,2020_Townsend,2020,hepta_487,4064,CC(C)C[C@@H]1NC(=O)[C@@H]2CCCN2C(=O)C[C@H](Cc2ccccc2)NC(=O)[C@@H](CC(C)C)N(C)C(=O)[C@H](C)N(C)C(=O)[C@H]2CCCN2C(=O)[C@H](Cc2ccccc2)NC1=O,7,Circle,-6.19,,,,3.078,train,train,train,test,train,train,train,train,train,valid,-0.095,0,0.4525,168.54,"[20.31, 20.31, 20.31, 29.1, 20.31, 29.1, 29.1]",168.54,True,0.223853411,-0.711501123,-0.16857511,-0.6889396
6925,2021_Kelly,2021,L3_2.4.4.4.1,6925,CC(=O)N1CCC[C@H]1C(=O)N[C@@H]1C(=O)N[C@H](CC(C)C)C(=O)N[C@H](CC(C)C)C(=O)N(C)[C@H](CC(C)C)C(=O)N(C)[C@H](CC(C)C)C(=O)N(C)[C@H](C)C(=O)N[C@@H](CC(C)C)C(=O)N2CCC[C@@H]2C(=O)O[C@@H]1C,10,Lariat,-4.64,,,,2.6042,train,train,test,test,train,train,test,train,train,train,0.68,1,1.0,244.25,"[17.07, 20.31, 38.33, 29.1, 29.1, 20.31, 20.31, 20.31, 29.1, 20.31]",244.25,True,0.127533901,-0.135036357,0.26605976,-0.08975853
2957,2020_Townsend,2020,hexa_443,2957,CC(C)C[C@H]1C(=O)N[C@@H](Cc2ccccc2)C(=O)N[C@H](C)C(=O)N[C@H](CC(C)C)C(=O)N(C)[C@H](CC(C)C)C(=O)N2CCC[C@H]2C(=O)N1C,6,Circle,-5.92,,,,2.5003,train,train,train,test,train,valid,valid,test,train,train,0.04,1,0.52,148.23,"[29.1, 29.1, 20.31, 20.31, 20.31, 29.1]",148.23,True,0.106411915,-0.866143831,-0.098148614,-0.8658991
5824,2021_Kelly,2021,L1_10.4.1.1.3.2,5824,CC(=O)N1CCC[C@H]1C(=O)N(C)[C@@H](CC(C)C)C(=O)N[C@@H]1C(=O)N(C)[C@H](CC(C)C)C(=O)N[C@@H](CC(C)C)C(=O)N[C@@H](CC(C)C)C(=O)N(C)[C@@H](C)C(=O)N[C@H](CC(C)C)C(=O)N2CCC[C@@H]2C(=O)O[C@@H]1C,10,Lariat,-6.11,,,,2.6042,valid,train,train,test,train,train,train,train,train,test,-0.055,0,0.4725,244.25,"[17.07, 20.31, 20.31, 38.33, 20.31, 29.1, 29.1, 20.31, 29.1, 20.31]",244.25,True,0.127533901,-0.135036357,-0.16286895,-0.104046956
2964,2020_Townsend,2020,hexa_450,2964,CC(C)C[C@H]1NC(=O)[C@@H]2CCCN2C(=O)CN(Cc2ccccc2)C(=O)[C@@H](CC(C)C)NC(=O)[C@@H](C)NC(=O)[C@H](Cc2ccccc2)NC1=O,6,Circle,-6.45,,,,2.3138,test,train,train,test,valid,train,train,train,train,train,-0.225,0,0.3875,157.02,"[29.1, 29.1, 20.31, 20.31, 29.1, 29.1]",157.02,True,0.068498052,-0.799215746,-0.07747511,-0.8563137
5494,2020_Townsend,2020,hepta_1917,5494,CC(C)C[C@@H]1NC(=O)[C@H](C)NC(=O)[C@@H]2CCCN2C(=O)[C@H](Cc2ccccc2)NC(=O)[C@H](CC(C)C)N(C)C(=O)[C@@H]2CCCN2C(=O)CN(Cc2ccccc2)C1=O,7,Circle,-6.13,,,,2.647,train,train,train,test,train,train,train,train,train,valid,-0.065,0,0.4675,168.54,"[20.31, 29.1, 29.1, 20.31, 20.31, 20.31, 29.1]",168.54,True,0.136234777,-0.711501123,-0.0843233,-0.7920016
3910,2020_Townsend,2020,hepta_333,3910,CC(C)C[C@@H]1NC(=O)[C@H]2CCCN2C(=O)[C@H](CC(C)C)N(C)C(=O)[C@H](CC(C)C)NC(=O)[C@@H](C)NC(=O)[C@H]2CCCN2C(=O)[C@H](Cc2ccccc2)NC1=O,7,Circle,-5.98,,,,2.1491,train,train,valid,test,valid,train,valid,train,train,train,0.01,1,0.505,177.33,"[20.31, 29.1, 29.1, 20.31, 20.31, 29.1, 29.1]",177.33,True,0.035015943,-0.644573038,-0.20190442,-0.6477716
2621,2020_Townsend,2020,hexa_107,2621,CC(C)C[C@H]1NC(=O)[C@@H]2CCCN2C(=O)[C@@H](CC(C)C)N(C)C(=O)[C@@H](CC(C)C)N(C)C(=O)C[C@H](Cc2ccccc2)NC(=O)[C@H](Cc2ccccc2)NC1=O,6,Circle,-5.22,,,,4.1132,train,test,train,test,test,valid,train,train,train,test,0.39,1,1.0,148.23,"[29.1, 20.31, 20.31, 20.31, 29.1, 29.1]",148.23,True,0.434300764,-0.866143831,0.36452475,-0.9072459
5344,2020_Townsend,2020,hepta_1767,5344,CCCN1CC(=O)N(Cc2ccccc2)CC(=O)N[C@@H](Cc2ccccc2)CC(=O)N2CCC[C@H]2C(=O)N[C@@H](CC(C)C)C(=O)N[C@@H](Cc2ccccc2)C(=O)N2CCC[C@H]2C1=O,7,Circle,-6.28,,,,3.6254,valid,test,test,test,train,train,train,train,train,train,-0.14,0,0.43,168.54,"[20.31, 20.31, 20.31, 29.1, 20.31, 29.1, 29.1]",168.54,True,0.335135174,-0.711501123,-0.055524718,-0.8286231
7173,2021_Kelly,2021,L5_86,7173,CC(=O)N1CCC[C@H]1C(=O)N(C)[C@H](CC(C)C)C(=O)N[C@@H]1C(=O)N[C@H](Cc2ccccc2)C(=O)N[C@@H](CCc2ccccc2)C(=O)N[C@H](Cc2ccc(F)cc2)C(=O)N(C)[C@H](C)C(=O)N[C@@H](CC(C)C)C(=O)N2CCC[C@H]2C(=O)O[C@@H]1C,10,Lariat,-5.77,,,,3.381,train,test,valid,test,train,test,train,test,train,train,0.115,1,0.5575,253.04,"[17.07, 20.31, 20.31, 38.33, 29.1, 29.1, 29.1, 20.31, 29.1, 20.31]",253.04,True,0.285450733,-0.068108273,0.02948051,-0.09266055
3492,2020_Townsend,2020,hexa_978,3492,CC(C)C[C@@H]1NC(=O)[C@H]2CCCN2C(=O)[C@@H](CC(C)C)NC(=O)[C@@H](CC(C)C)NC(=O)[C@@H](C)N(C)C(=O)[C@H](Cc2ccccc2)NC1=O,6,Circle,-6.55,,,,2.1581,valid,train,train,test,train,train,train,test,train,valid,-0.275,0,0.0,157.02,"[20.31, 29.1, 29.1, 20.31, 29.1, 29.1]",157.02,True,0.036845567,-0.799215746,-0.27192962,-0.7651052
6572,2021_Kelly,2021,L1_6.2.3.3.1.1,6572,CC(=O)N1CCC[C@H]1C(=O)N(C)[C@H](CC(C)C)C(=O)N[C@@H]1C(=O)N[C@H](CC(C)C)C(=O)N(C)[C@@H](CC(C)C)C(=O)N(C)[C@@H](CC(C)C)C(=O)N[C@@H](C)C(=O)N[C@@H](CC(C)C)C(=O)N2CCC[C@@H]2C(=O)O[C@@H]1C,10,Lariat,-5.25,,,,2.6042,train,train,valid,test,train,train,train,train,train,test,0.375,1,1.0,244.25,"[17.07, 20.31, 20.31, 38.33, 29.1, 20.31, 20.31, 29.1, 29.1, 20.31]",244.25,True,0.127533901,-0.135036357,0.26153535,-0.051132888
3878,2020_Townsend,2020,hepta_301,3878,CC(C)C[C@H]1C(=O)N2CCC[C@@H]2C(=O)N(C)[C@@H](CC(C)C)C(=O)N[C@@H](Cc2ccccc2)C(=O)N2CCC[C@@H]2C(=O)N[C@@H](C)C(=O)N(Cc2ccccc2)CC(=O)N1C,7,Circle,-5.07,,,,2.9892,train,train,train,test,train,train,train,train,train,train,0.465,1,1.0,159.75,"[20.31, 29.1, 20.31, 20.31, 20.31, 20.31, 29.1]",159.75,True,0.205801126,-0.778429208,0.19713753,-0.78218603
1614,2016_Furukawa,2016,2.3-09Me,1614,CCCC[C@@H]1NC(=O)[C@H](CC(C)C)N(C)C(=O)CN(CC2CCOCC2)C(=O)[C@@H](Cc2ccccc2)NC(=O)CN(CC)C(=O)[C@@H]2CCCN2C1=O,6,Circle,-6.73,,,,2.3703,train,valid,train,test,test,train,train,train,train,train,-0.365,0,0.0,148.67,"[29.1, 29.54, 20.31, 29.1, 20.31, 20.31]",148.67,True,0.079984021,-0.862793619,-0.2783859,-0.85936713
2661,2020_Townsend,2020,hexa_147,2661,CC(C)C[C@@H]1NC(=O)C[C@H](Cc2ccccc2)NC(=O)[C@H](Cc2ccccc2)NC(=O)[C@H](CC(C)C)NC(=O)[C@@H]2CCCN2C(=O)C[C@H](Cc2ccccc2)NC1=O,6,Circle,-5.93,,,,4.0155,valid,train,train,test,train,train,train,train,train,train,0.035,1,0.5175,165.81,"[29.1, 29.1, 29.1, 20.31, 29.1, 29.1]",165.81,True,0.414439185,-0.732287661,0.1197338,-0.6940819
5290,2020_Townsend,2020,hepta_1713,5290,CCCN1CC(=O)N[C@@H](CC(C)C)C(=O)N(C)[C@H](CC(C)C)C(=O)N2CCC[C@H]2C(=O)N(C)[C@H](CC(C)C)C(=O)N[C@@H](Cc2ccccc2)C(=O)N2CCC[C@H]2C1=O,7,Circle,-4.91,,,,3.2252,train,test,train,test,train,train,train,train,train,train,0.545,1,1.0,159.75,"[20.31, 20.31, 29.1, 20.31, 20.31, 20.31, 29.1]",159.75,True,0.253777918,-0.778429208,0.325463,-0.7850158
1195,2016_Furukawa,2016,1.2-22,1195,CCCC[C@@H]1NC(=O)[C@H](CC(C)C)N(C)C(=O)CN(Cc2ccccc2)C(=O)[C@H](Cc2ccccc2)NC(=O)CN(CCC)C(=O)[C@H]2CCCN2C1=O,6,Circle,-5.63,,,,3.534,train,train,train,test,test,test,train,train,train,train,0.185,1,0.5925,139.44,"[29.1, 20.31, 20.31, 29.1, 20.31, 20.31]",139.44,True,0.316554331,-0.933071915,0.25503647,-1.0108304
3301,2020_Townsend,2020,hexa_787,3301,CC(C)C[C@H]1C(=O)N2CCC[C@H]2C(=O)N(Cc2ccccc2)CC(=O)N[C@@H](Cc2ccccc2)C(=O)N(C)[C@@H](C)C(=O)N(C)[C@H](CC(C)C)C(=O)N1C,6,Circle,-4.76,,,,3.3404,test,train,train,test,train,train,valid,train,train,train,0.62,1,1.0,130.65,"[20.31, 20.31, 20.31, 20.31, 20.31, 29.1]",130.65,True,0.277197098,-1.0,0.5176178,-0.99385333
5471,2020_Townsend,2020,hepta_1894,5471,CC(C)C[C@@H]1NC(=O)[C@H](CC(C)C)N(C)C(=O)[C@H](C)NC(=O)[C@@H]2CCCN2C(=O)[C@H](Cc2ccccc2)NC(=O)[C@H](CC(C)C)N(C)C(=O)[C@@H]2CCCN2C1=O,7,Circle,-5.61,,,,2.4913,train,valid,train,test,train,train,train,train,train,train,0.195,1,0.5975,168.54,"[20.31, 29.1, 20.31, 29.1, 20.31, 20.31, 29.1]",168.54,True,0.104582292,-0.711501123,0.13861032,-0.70755637
5466,2020_Townsend,2020,hepta_1889,5466,CC(C)C[C@H]1C(=O)N[C@@H](Cc2ccccc2)C(=O)N2CCC[C@H]2C(=O)N[C@@H](C)C(=O)N[C@H](CC(C)C)C(=O)N(C)[C@@H](CC(C)C)C(=O)N2CCC[C@H]2C(=O)N1C,7,Circle,-5.51,,,,2.4913,train,train,train,test,train,train,valid,train,train,train,0.245,1,0.6225,168.54,"[20.31, 29.1, 29.1, 20.31, 20.31, 20.31, 29.1]",168.54,True,0.104582292,-0.711501123,-0.009048108,-0.7062583
7126,2021_Kelly,2021,L5_43,7126,CCC[C@@H]1NC(=O)[C@@H](CC)NC(=O)[C@@H](NC(=O)[C@@H](CC(C)C)N(C)C(=O)[C@@H]2CCCN2C(C)=O)[C@@H](C)OC(=O)[C@@H]2CCCN2C(=O)[C@H](CC(C)C)NC(=O)[C@@H](C)N(C)C(=O)[C@@H](Cc2cccc3ccccc23)NC1=O,10,Lariat,-5.62,,,,2.7297,train,train,train,test,train,train,train,test,train,train,0.19,1,0.595,253.04,"[17.07, 20.31, 20.31, 38.33, 29.1, 29.1, 29.1, 20.31, 29.1, 20.31]",253.04,True,0.153046984,-0.068108273,0.22810423,-0.208766
2868,2020_Townsend,2020,hexa_354,2868,CC(C)C[C@@H]1NC(=O)[C@H](C)NC(=O)[C@H](Cc2ccccc2)NC(=O)[C@@H](CC(C)C)N(C)C(=O)[C@@H]2CCCN2C(=O)[C@@H](CC(C)C)N(C)C1=O,6,Circle,-5.73,,,,2.5003,train,train,train,test,train,train,test,train,train,train,0.135,1,0.5675,148.23,"[29.1, 29.1, 20.31, 20.31, 20.31, 29.1]",148.23,True,0.106411915,-0.866143831,0.047916375,-0.8805013
3315,2020_Townsend,2020,hexa_801,3315,CC(C)C[C@H]1C(=O)N(Cc2ccccc2)CC(=O)N2CCC[C@H]2C(=O)N(Cc2ccccc2)CC(=O)N[C@@H](Cc2ccccc2)C(=O)N(C)[C@@H](C)C(=O)N1C,6,Circle,-5.14,,,,3.4961,train,train,train,test,train,train,test,train,train,train,0.43,1,1.0,130.65,"[20.31, 20.31, 20.31, 20.31, 20.31, 29.1]",130.65,True,0.308849584,-1.0,0.22521776,-0.97302884
7187,2021_Kelly,2021,L5_99,7187,CC(=O)N1CCC[C@H]1C(=O)N(C)[C@H](CC(C)C)C(=O)N[C@@H]1C(=O)N[C@H](CC(C)C)C(=O)N[C@@H](CC(C)C)C(=O)N[C@H](Cc2cccc3ccccc23)C(=O)N(C)[C@H](C)C(=O)N[C@@H](CC(C)C)C(=O)N2CCC[C@H]2C(=O)O[C@@H]1C,10,Lariat,-5.89,,,,3.6118,train,valid,train,test,valid,train,train,train,train,train,0.055,1,0.5275,253.04,"[17.07, 20.31, 20.31, 38.33, 29.1, 29.1, 29.1, 20.31, 29.1, 20.31]",253.04,True,0.332370409,-0.068108273,0.21075942,-0.14312024
6495,2021_Kelly,2021,L1_5.2.1.2.3.1,6495,CC(=O)N1CCC[C@H]1C(=O)N(C)[C@H](CC(C)C)C(=O)N[C@@H]1C(=O)N[C@H](CC(C)C)C(=O)N[C@@H](CC(C)C)C(=O)N[C@H](CC(C)C)C(=O)N(C)[C@@H](C)C(=O)N[C@@H](CC(C)C)C(=O)N2CCC[C@H]2C(=O)O[C@@H]1C,10,Lariat,-5.13,,,,2.262,train,train,train,test,test,train,train,train,train,train,0.435,1,1.0,253.04,"[17.07, 20.31, 20.31, 38.33, 29.1, 29.1, 29.1, 20.31, 29.1, 20.31]",253.04,True,0.057967553,-0.068108273,0.19116148,-0.046848506
6491,2021_Kelly,2021,L1_5.1.3.4.4.1,6491,CC(=O)N1CCC[C@H]1C(=O)N(C)[C@H](CC(C)C)C(=O)N[C@@H]1C(=O)N[C@@H](CC(C)C)C(=O)N(C)[C@@H](CC(C)C)C(=O)N(C)[C@H](CC(C)C)C(=O)N(C)[C@H](C)C(=O)N[C@@H](CC(C)C)C(=O)N2CCC[C@H]2C(=O)O[C@@H]1C,10,Lariat,-5.64,,,,2.9464,test,train,train,test,test,valid,train,train,train,train,0.18,1,0.59,235.46,"[17.07, 20.31, 20.31, 38.33, 29.1, 20.31, 20.31, 20.31, 29.1, 20.31]",235.46,True,0.19710025,-0.201964442,0.18171278,-0.1562199
5153,2020_Townsend,2020,hepta_1576,5153,CCCN1CC(=O)N[C@H](CC(C)C)C(=O)N[C@@H](Cc2ccccc2)CC(=O)N2CCC[C@@H]2C(=O)N(C)[C@H](CC(C)C)C(=O)N[C@@H](Cc2ccccc2)C(=O)N2CCC[C@@H]2C1=O,7,Circle,-5.48,,,,3.4697,train,train,valid,test,test,valid,train,train,train,train,0.26,1,1.0,168.54,"[20.31, 20.31, 29.1, 29.1, 20.31, 20.31, 29.1]",168.54,True,0.303482688,-0.711501123,0.072786525,-0.68306834
3298,2020_Townsend,2020,hexa_784,3298,CC(C)C[C@H]1C(=O)N[C@@H](Cc2ccccc2)C(=O)N(C)[C@@H](C)C(=O)N[C@H](CC(C)C)C(=O)N[C@@H](Cc2ccccc2)CC(=O)N2CCC[C@H]2C(=O)N1C,6,Circle,-5.56,,,,3.087,valid,train,train,test,train,train,train,train,train,train,0.22,1,0.61,148.23,"[20.31, 29.1, 29.1, 20.31, 20.31, 29.1]",148.23,True,0.225683034,-0.866143831,0.26914847,-0.89018315
5110,2020_Townsend,2020,hepta_1533,5110,CCCN1CC(=O)N[C@@H](CC(C)C)C(=O)N(C)[C@H](CC(C)C)C(=O)N2CCC[C@@H]2C(=O)N(C)[C@H](CC(C)C)C(=O)N[C@@H](Cc2ccccc2)C(=O)N2CCC[C@@H]2C1=O,7,Circle,-5.5,,,,3.2252,train,train,test,test,train,train,train,train,train,test,0.25,1,0.625,159.75,"[20.31, 20.31, 29.1, 20.31, 20.31, 20.31, 29.1]",159.75,True,0.253777918,-0.778429208,0.273178,-0.7422228
3872,2020_Townsend,2020,hepta_295,3872,CC(C)C[C@@H]1C(=O)N(C)[C@H](CC(C)C)C(=O)N2CCC[C@@H]2C(=O)N(Cc2ccccc2)CC(=O)N[C@@H](Cc2ccccc2)C(=O)N2CCC[C@@H]2C(=O)N[C@@H](C)C(=O)N1C,7,Circle,-5.87,,,,2.9892,valid,train,train,test,train,train,train,train,train,train,0.065,1,0.5325,159.75,"[20.31, 29.1, 20.31, 20.31, 20.31, 20.31, 29.1]",159.75,True,0.205801126,-0.778429208,0.100403786,-0.73566425
5382,2020_Townsend,2020,hepta_1805,5382,CC(C)C[C@@H]1NC(=O)C[C@H](Cc2ccccc2)NC(=O)[C@@H]2CCCN2C(=O)[C@H](Cc2ccccc2)NC(=O)[C@@H](CC(C)C)NC(=O)[C@H]2CCCN2C(=O)CN(Cc2ccccc2)C1=O,7,Circle,-5.85,,,,3.9177,train,test,test,test,train,train,valid,train,train,train,0.075,1,0.5375,177.33,"[20.31, 29.1, 29.1, 20.31, 20.31, 29.1, 29.1]",177.33,True,0.394557277,-0.644573038,0.050048552,-0.6976305
3530,2020_Townsend,2020,hexa_1016,3530,CC(C)C[C@@H]1NC(=O)[C@@H](C)N(C)C(=O)[C@H](Cc2ccccc2)NC(=O)[C@H](CC(C)C)N(C)C(=O)[C@H]2CCCN2C(=O)[C@@H](CC(C)C)N(C)C1=O,6,Circle,-4.82,,,,2.8425,train,train,test,test,train,train,train,test,train,test,0.59,1,1.0,139.44,"[20.31, 29.1, 20.31, 20.31, 20.31, 29.1]",139.44,True,0.175978264,-0.933071915,0.5317542,-0.91590166
6207,2021_Kelly,2021,L1_16.1.4.4.3.2,6207,CC(=O)N1CCC[C@@H]1C(=O)N(C)[C@H](CC(C)C)C(=O)N[C@@H]1C(=O)N[C@@H](CC(C)C)C(=O)N(C)[C@H](CC(C)C)C(=O)N(C)[C@H](CC(C)C)C(=O)N(C)[C@@H](C)C(=O)N[C@H](CC(C)C)C(=O)N2CCC[C@@H]2C(=O)O[C@@H]1C,10,Lariat,-5.71,,,,2.9464,valid,train,train,test,train,train,train,valid,train,train,0.145,1,0.5725,235.46,"[17.07, 20.31, 20.31, 38.33, 29.1, 20.31, 20.31, 20.31, 29.1, 20.31]",235.46,True,0.19710025,-0.201964442,0.06396014,-0.20168388
2788,2020_Townsend,2020,hexa_274,2788,CCCN1CC(=O)N(C)[C@H](CC(C)C)C(=O)N[C@H](CC(C)C)C(=O)N2CCC[C@H]2C(=O)N(C)[C@H](CC(C)C)C(=O)N[C@@H](Cc2ccccc2)C1=O,6,Circle,-4.82,,,,3.2342,train,train,valid,test,train,train,train,train,train,train,0.59,1,1.0,139.44,"[20.31, 20.31, 29.1, 20.31, 20.31, 29.1]",139.44,True,0.255607542,-0.933071915,0.4173107,-0.9330077
5576,2020_Townsend,2020,hepta_1999,5576,CC(C)C[C@H]1C(=O)N2CCC[C@@H]2C(=O)N[C@H](CC(C)C)C(=O)N[C@@H](Cc2ccccc2)C(=O)N2CCC[C@H]2C(=O)N(C)[C@@H](C)C(=O)N(Cc2ccccc2)CC(=O)N1C,7,Circle,-10.0,,,,2.9892,train,train,train,test,train,train,train,train,train,train,-1.0,0,0.0,159.75,"[20.31, 20.31, 20.31, 20.31, 20.31, 29.1, 29.1]",159.75,True,0.205801126,-0.778429208,-0.056578405,-0.76719546
4160,2020_Townsend,2020,hepta_583,4160,CC(C)C[C@@H]1C(=O)N2CCC[C@H]2C(=O)N(C)[C@H](CC(C)C)C(=O)N[C@@H](Cc2ccccc2)C(=O)N2CCC[C@@H]2C(=O)N(C)[C@H](C)C(=O)N(Cc2ccccc2)CC(=O)N1C,7,Circle,-5.75,,,,3.3314,train,train,train,test,train,train,train,train,train,test,0.125,1,0.5625,150.96,"[20.31, 20.31, 20.31, 20.31, 20.31, 20.31, 29.1]",150.96,True,0.275367475,-0.845357292,0.24138397,-0.8330021
944,2015_Ahlbach,2015,Destruxin E chlorohydrin,944,CC[C@H](C)[C@@H]1NC(=O)[C@@H]2CCCN2C(=O)[C@@H](CC(O)CCl)OC(=O)CCNC(=O)[C@H](C)N(C)C(=O)[C@H](C(C)C)N(C)C1=O,6,Circle,-7.1,,,,0.2597,train,train,valid,test,train,train,train,train,train,test,-0.55,0,0.0,165.66,"[46.53, 20.31, 29.1, 20.31, 20.31, 29.1]",165.66,True,-0.349083003,-0.733429779,-0.44786552,-0.8402982
3229,2020_Townsend,2020,hexa_715,3229,CC(C)C[C@@H]1NC(=O)[C@H](C)N(C)C(=O)[C@H](Cc2ccccc2)NC(=O)[C@@H](CC(C)C)N(C)C(=O)[C@@H]2CCCN2C(=O)[C@@H](CC(C)C)NC1=O,6,Circle,-5.07,,,,2.5003,train,train,train,test,train,train,train,train,train,train,0.465,1,1.0,148.23,"[20.31, 29.1, 29.1, 20.31, 20.31, 29.1]",148.23,True,0.106411915,-0.866143831,0.39041764,-0.8775944
1370,2016_Furukawa,2016,1.6-37,1370,CCCC[C@@H]1NC(=O)[C@H](CC(C)C)N(C)C(=O)CN(CCCc2ccccc2)C(=O)[C@H](Cc2ccc3ccccc3c2)NC(=O)CN(Cc2ccc(Cl)cc2)C(=O)[C@H]2CCCN2C1=O,6,Circle,-10.0,,,,6.5634,train,train,train,test,valid,test,train,train,train,train,-1.0,0,0.0,139.44,"[29.1, 20.31, 20.31, 29.1, 20.31, 20.31]",139.44,True,0.932405579,-0.933071915,-1.1678882,-1.0086935
3924,2020_Townsend,2020,hepta_347,3924,CC(C)C[C@H]1C(=O)N2CCC[C@@H]2C(=O)N(C)[C@@H](CC(C)C)C(=O)N[C@@H](Cc2ccccc2)C(=O)N2CCC[C@@H]2C(=O)N[C@H](C)C(=O)N[C@H](CC(C)C)C(=O)N1C,7,Circle,-5.86,,,,2.4913,train,train,train,test,train,test,train,train,train,train,0.07,1,0.535,168.54,"[20.31, 29.1, 29.1, 20.31, 20.31, 20.31, 29.1]",168.54,True,0.104582292,-0.711501123,0.021652728,-0.75257653
3342,2020_Townsend,2020,hexa_828,3342,CC(C)C[C@@H]1NC(=O)[C@@H]2CCCN2C(=O)[C@H](CC(C)C)NC(=O)[C@@H](CC(C)C)N(C)C(=O)[C@@H](C)N(C)C(=O)[C@H](Cc2ccccc2)NC1=O,6,Circle,-5.16,,,,2.5003,train,train,train,test,train,train,train,test,train,train,0.42,1,1.0,148.23,"[20.31, 20.31, 29.1, 20.31, 29.1, 29.1]",148.23,True,0.106411915,-0.866143831,0.22711149,-0.8930569
5087,2020_Townsend,2020,hepta_1510,5087,CCCN1CC(=O)N[C@H](CC(C)C)C(=O)N(C)[C@H](CC(C)C)C(=O)N2CCC[C@@H]2C(=O)N[C@H](CC(C)C)C(=O)N[C@@H](Cc2ccccc2)C(=O)N2CCC[C@@H]2C1=O,7,Circle,-5.34,,,,2.883,valid,train,train,test,train,train,train,train,train,train,0.33,1,1.0,168.54,"[20.31, 20.31, 29.1, 20.31, 20.31, 29.1, 29.1]",168.54,True,0.18421157,-0.711501123,0.08229024,-0.6947421
2600,2020_Townsend,2020,hexa_86,2600,CC(C)C[C@@H]1NC(=O)C[C@H](Cc2ccccc2)NC(=O)[C@H](Cc2ccccc2)NC(=O)[C@H](CC(C)C)NC(=O)[C@@H]2CCCN2C(=O)[C@H](CC(C)C)NC1=O,6,Circle,-6.47,,,,3.4288,train,train,train,test,train,train,train,train,train,test,-0.235,0,0.3825,165.81,"[29.1, 29.1, 29.1, 20.31, 29.1, 29.1]",165.81,True,0.295168066,-0.732287661,0.10704014,-0.7075521
6606,2021_Kelly,2021,L1_7.1.3.4.4.1,6606,CC(=O)N1CCC[C@@H]1C(=O)N(C)[C@H](CC(C)C)C(=O)N[C@@H]1C(=O)N[C@@H](CC(C)C)C(=O)N(C)[C@@H](CC(C)C)C(=O)N(C)[C@H](CC(C)C)C(=O)N(C)[C@H](C)C(=O)N[C@@H](CC(C)C)C(=O)N2CCC[C@H]2C(=O)O[C@@H]1C,10,Lariat,-6.13,,,,2.9464,train,valid,train,test,train,train,train,train,train,train,-0.065,0,0.4675,235.46,"[17.07, 20.31, 20.31, 38.33, 29.1, 20.31, 20.31, 20.31, 29.1, 20.31]",235.46,True,0.19710025,-0.201964442,0.038116626,-0.19628811
5023,2020_Townsend,2020,hepta_1446,5023,CC(C)C[C@H]1NC(=O)[C@@H](CC(C)C)N(C)C(=O)C[C@H](Cc2ccccc2)NC(=O)[C@H]2CCCN2C(=O)[C@H](Cc2ccccc2)NC(=O)[C@@H](CC(C)C)N(C)C(=O)[C@H]2CCCN2C1=O,7,Circle,-5.33,,,,4.1042,train,train,train,test,train,train,valid,train,train,train,0.335,1,1.0,168.54,"[20.31, 29.1, 20.31, 29.1, 20.31, 20.31, 29.1]",168.54,True,0.43247114,-0.711501123,0.218312,-0.7680241
7037,2021_Kelly,2021,L4_3.1.2.2.1,7037,CC(=O)N[C@@H]1C(=O)N2CCC[C@H]2C(=O)N(C)[C@H](CC(C)C)C(=O)N(C)[C@@H](CC(C)C)C(=O)N[C@@H](CC(C)C)C(=O)N[C@H](CC(C)C)C(=O)N[C@H](C)C(=O)N[C@@H](CC(C)C)C(=O)N2CCC[C@@H]2C(=O)O[C@@H]1C,10,Lariat,-6.41,,,,2.262,train,test,train,test,train,train,train,train,train,train,-0.205,0,0.3975,253.04,"[17.07, 38.33, 20.31, 20.31, 20.31, 29.1, 29.1, 29.1, 29.1, 20.31]",253.04,True,0.057967553,-0.068108273,-0.11671066,-0.1064477
3511,2020_Townsend,2020,hexa_997,3511,CC(C)C[C@@H]1NC(=O)[C@@H](C)N(C)C(=O)[C@H](Cc2ccccc2)NC(=O)[C@@H](CC(C)C)N(C)C(=O)[C@H]2CCCN2C(=O)[C@H](CC(C)C)NC1=O,6,Circle,-5.46,,,,2.5003,train,train,train,test,valid,train,train,train,train,train,0.27,1,1.0,148.23,"[20.31, 29.1, 29.1, 20.31, 20.31, 29.1]",148.23,True,0.106411915,-0.866143831,0.32300028,-0.8892504
2988,2020_Townsend,2020,hexa_474,2988,CC(C)C[C@H]1C(=O)N2CCC[C@H]2C(=O)N(C)[C@H](CC(C)C)C(=O)N[C@@H](Cc2ccccc2)C(=O)N[C@H](C)C(=O)N(C)[C@@H](CC(C)C)C(=O)N1C,6,Circle,-5.19,,,,2.8425,train,train,train,test,train,train,train,train,train,train,0.405,1,1.0,139.44,"[29.1, 20.31, 20.31, 20.31, 20.31, 29.1]",139.44,True,0.175978264,-0.933071915,0.33730817,-0.9118258
6124,2021_Kelly,2021,L1_15.2.1.2.1.2,6124,CC(=O)N1CCC[C@@H]1C(=O)N(C)[C@H](CC(C)C)C(=O)N[C@@H]1C(=O)N[C@H](CC(C)C)C(=O)N[C@@H](CC(C)C)C(=O)N[C@H](CC(C)C)C(=O)N[C@@H](C)C(=O)N[C@H](CC(C)C)C(=O)N2CCC[C@H]2C(=O)O[C@@H]1C,10,Lariat,-7.14,,,,1.9198,valid,valid,train,test,train,train,train,train,train,train,-0.57,0,0.0,261.83,"[17.07, 20.31, 20.31, 38.33, 29.1, 29.1, 29.1, 29.1, 29.1, 20.31]",261.83,True,-0.011598796,-0.001180188,-0.45811203,0.0058845133
4658,2020_Townsend,2020,hepta_1081,4658,CC(C)C[C@H]1NC(=O)[C@H](C)N(C)C(=O)[C@@H]2CCCN2C(=O)[C@H](Cc2ccccc2)NC(=O)CN(Cc2ccccc2)C(=O)[C@@H]2CCCN2C(=O)[C@@H](CC(C)C)NC1=O,7,Circle,-6.38,,,,2.647,train,train,train,test,train,train,train,test,train,train,-0.19,0,0.405,168.54,"[20.31, 20.31, 29.1, 29.1, 20.31, 20.31, 29.1]",168.54,True,0.136234777,-0.711501123,-0.00077709556,-0.7335211
3938,2020_Townsend,2020,hepta_361,3938,CC(C)C[C@H]1C(=O)N(C)[C@H](CC(C)C)C(=O)N2CCC[C@@H]2C(=O)N(C)[C@H](CC(C)C)C(=O)N[C@@H](Cc2ccccc2)C(=O)N2CCC[C@@H]2C(=O)N[C@H](C)C(=O)N1C,7,Circle,-5.6,,,,2.8335,train,train,train,test,test,valid,test,train,train,train,0.2,1,0.6,159.75,"[20.31, 29.1, 20.31, 20.31, 20.31, 20.31, 29.1]",159.75,True,0.174148641,-0.778429208,0.09354324,-0.77216196
4394,2020_Townsend,2020,hepta_817,4394,CCCN1CC(=O)N[C@@H](CC(C)C)C(=O)N(C)[C@H](CC(C)C)C(=O)N2CCC[C@@H]2C(=O)N[C@H](CC(C)C)C(=O)N[C@@H](Cc2ccccc2)C(=O)N2CCC[C@H]2C1=O,7,Circle,-5.6,,,,2.883,train,valid,train,test,valid,train,train,train,train,train,0.2,1,0.6,168.54,"[20.31, 20.31, 29.1, 20.31, 20.31, 29.1, 29.1]",168.54,True,0.18421157,-0.711501123,-0.01859907,-0.7078344
2763,2020_Townsend,2020,hexa_249,2763,CCCN1CC(=O)N(C)[C@@H](CC(C)C)C(=O)N[C@@H](Cc2ccccc2)CC(=O)N2CCC[C@@H]2C(=O)N(C)[C@H](CC(C)C)C(=O)N[C@@H](Cc2ccccc2)C1=O,6,Circle,-5.38,,,,3.8209,train,test,train,test,train,train,train,train,train,train,0.31,1,1.0,139.44,"[20.31, 20.31, 29.1, 20.31, 20.31, 29.1]",139.44,True,0.37487866,-0.933071915,0.26848528,-0.9060189
6946,2021_Kelly,2021,L3_3.4.3.3.1,6946,CC(=O)N1CCC[C@H]1C(=O)N[C@@H]1C(=O)N[C@H](CC(C)C)C(=O)N(C)[C@@H](CC(C)C)C(=O)N(C)[C@H](CC(C)C)C(=O)N(C)[C@@H](CC(C)C)C(=O)N(C)[C@@H](C)C(=O)N[C@@H](CC(C)C)C(=O)N2CCC[C@@H]2C(=O)O[C@@H]1C,10,Lariat,-5.12,,,,2.9464,train,train,test,test,train,valid,train,valid,train,train,0.44,1,1.0,235.46,"[17.07, 20.31, 38.33, 29.1, 20.31, 20.31, 20.31, 20.31, 29.1, 20.31]",235.46,True,0.19710025,-0.201964442,0.4109441,-0.23378295
4601,2020_Townsend,2020,hepta_1024,4601,CC(C)C[C@H]1NC(=O)[C@H](C)NC(=O)[C@@H]2CCCN2C(=O)[C@H](Cc2ccccc2)NC(=O)[C@@H](CC(C)C)N(C)C(=O)[C@H]2CCCN2C(=O)CN(Cc2ccccc2)C1=O,7,Circle,-6.32,,,,2.647,train,train,train,test,valid,train,train,train,train,train,-0.16,0,0.42,168.54,"[20.31, 29.1, 29.1, 20.31, 20.31, 20.31, 29.1]",168.54,True,0.136234777,-0.711501123,-0.041506983,-0.7577844
4796,2020_Townsend,2020,hepta_1219,4796,CC(C)C[C@H]1C(=O)N[C@@H](Cc2ccccc2)C(=O)N2CCC[C@H]2C(=O)N(C)[C@H](C)C(=O)N(C)[C@@H](CC(C)C)C(=O)N(Cc2ccccc2)CC(=O)N2CCC[C@H]2C(=O)N1C,7,Circle,-5.22,,,,3.3314,test,train,train,test,valid,train,train,train,train,train,0.39,1,1.0,150.96,"[20.31, 20.31, 20.31, 20.31, 20.31, 20.31, 29.1]",150.96,True,0.275367475,-0.845357292,0.3173421,-0.8384205
4838,2020_Townsend,2020,hepta_1261,4838,CC(C)C[C@H]1C(=O)N[C@H](CC(C)C)C(=O)N2CCC[C@@H]2C(=O)N(C)[C@H](CC(C)C)C(=O)N[C@@H](Cc2ccccc2)C(=O)N2CCC[C@H]2C(=O)N(C)[C@H](C)C(=O)N1C,7,Circle,-5.07,,,,2.8335,test,train,test,test,train,valid,train,train,train,train,0.465,1,1.0,159.75,"[20.31, 20.31, 20.31, 29.1, 20.31, 20.31, 29.1]",159.75,True,0.174148641,-0.778429208,0.22254659,-0.79848635
3889,2020_Townsend,2020,hepta_312,3889,CC(C)C[C@@H]1NC(=O)[C@@H](C)NC(=O)[C@H]2CCCN2C(=O)[C@H](Cc2ccccc2)NC(=O)[C@@H](CC(C)C)NC(=O)[C@H]2CCCN2C(=O)[C@@H](CC(C)C)NC1=O,7,Circle,-6.01,,,,1.8069,train,train,train,test,train,train,train,train,train,train,-0.005,0,0.4975,186.12,"[20.31, 29.1, 29.1, 29.1, 20.31, 29.1, 29.1]",186.12,True,-0.034550406,-0.577644954,-0.29663876,-0.5442475
4443,2020_Townsend,2020,hepta_866,4443,CCCN1CC(=O)N[C@@H](CC(C)C)C(=O)N[C@@H](Cc2ccccc2)CC(=O)N2CCC[C@@H]2C(=O)N[C@H](CC(C)C)C(=O)N[C@@H](Cc2ccccc2)C(=O)N2CCC[C@H]2C1=O,7,Circle,-6.5,,,,3.1275,train,valid,train,test,train,test,train,train,train,train,-0.25,0,0.375,177.33,"[20.31, 20.31, 29.1, 29.1, 20.31, 29.1, 29.1]",177.33,True,0.233916339,-0.644573038,-0.35852888,-0.69478154
1613,2016_Furukawa,2016,2.3-08Me,1613,CCCC[C@@H]1NC(=O)[C@H](CC(C)C)N(C)C(=O)CN(CC2CCCCC2)C(=O)[C@@H](Cc2ccccc2)NC(=O)CN(CC)C(=O)[C@@H]2CCCN2C1=O,6,Circle,-5.1,,,,3.524,valid,train,train,test,train,train,train,train,train,train,0.45,1,1.0,139.44,"[29.1, 20.31, 20.31, 29.1, 20.31, 20.31]",139.44,True,0.314521416,-0.933071915,0.4115509,-0.88649493
4360,2020_Townsend,2020,hepta_783,4360,CC(C)C[C@H]1C(=O)N(C)[C@H](CC(C)C)C(=O)N2CCC[C@@H]2C(=O)N(Cc2ccccc2)CC(=O)N[C@@H](Cc2ccccc2)C(=O)N2CCC[C@@H]2C(=O)N(C)[C@H](C)C(=O)N1C,7,Circle,-6.2,,,,3.3314,test,train,train,test,valid,train,train,train,train,train,-0.1,0,0.45,150.96,"[20.31, 20.31, 20.31, 20.31, 20.31, 20.31, 29.1]",150.96,True,0.275367475,-0.845357292,0.020673186,-0.8446741
2757,2020_Townsend,2020,hexa_243,2757,CCCN1CC(=O)N(C)[C@@H](CC(C)C)C(=O)N(C)[C@H](CC(C)C)C(=O)N2CCC[C@@H]2C(=O)N(Cc2ccccc2)CC(=O)N[C@@H](Cc2ccccc2)C1=O,6,Circle,-5.1,,,,3.7321,train,train,valid,test,train,train,train,train,train,train,0.45,1,1.0,130.65,"[20.31, 20.31, 20.31, 20.31, 20.31, 29.1]",130.65,True,0.356826376,-1.0,0.3476173,-0.9795791
4003,2020_Townsend,2020,hepta_426,4003,CC(C)C[C@@H]1NC(=O)[C@@H]2CCCN2C(=O)[C@H](CC(C)C)NC(=O)[C@H](CC(C)C)N(C)C(=O)[C@H](C)N(C)C(=O)[C@H]2CCCN2C(=O)[C@H](Cc2ccccc2)NC1=O,7,Circle,-6.26,,,,2.4913,train,test,valid,test,valid,valid,train,train,train,valid,-0.13,0,0.435,168.54,"[20.31, 20.31, 20.31, 29.1, 20.31, 29.1, 29.1]",168.54,True,0.104582292,-0.711501123,-0.1467716,-0.6529361
6854,2021_Kelly,2021,L3_1.1.1.1.1,6854,CC(=O)N1CCC[C@H]1C(=O)N[C@@H]1C(=O)N[C@H](CC(C)C)C(=O)N[C@@H](CC(C)C)C(=O)N[C@@H](CC(C)C)C(=O)N[C@@H](CC(C)C)C(=O)N[C@@H](C)C(=O)N[C@@H](CC(C)C)C(=O)N2CCC[C@@H]2C(=O)O[C@@H]1C,10,Lariat,-6.33,,,,1.5776,train,train,train,test,train,valid,valid,test,train,train,-0.165,0,0.4175,270.62,"[17.07, 20.31, 38.33, 29.1, 29.1, 29.1, 29.1, 29.1, 29.1, 20.31]",270.62,True,-0.081165145,0.065747897,-0.2923363,0.029319853
5687,2021_Kelly,2021,L1_1.1.3.2.1.1,5687,CC(=O)N1CCC[C@H]1C(=O)N(C)[C@@H](CC(C)C)C(=O)N[C@@H]1C(=O)N[C@@H](CC(C)C)C(=O)N(C)[C@@H](CC(C)C)C(=O)N[C@H](CC(C)C)C(=O)N[C@@H](C)C(=O)N[C@@H](CC(C)C)C(=O)N2CCC[C@H]2C(=O)O[C@@H]1C,10,Lariat,-6.94,,,,2.262,train,train,train,test,train,valid,train,train,train,train,-0.47,0,0.0,253.04,"[17.07, 20.31, 20.31, 38.33, 29.1, 20.31, 29.1, 29.1, 29.1, 20.31]",253.04,True,0.057967553,-0.068108273,-0.26560554,-0.06170571
5649,2021_Golosov,2021,Cmpd.2d,5649,CCCC[C@@H]1NC(=O)[C@H](CCCC)NC(=O)[C@H](CCCC)N(C)C(=O)[C@@H](Cc2ccccc2)NC(=O)CSC[C@@H](C(=O)NC)N(C)C(=O)[C@H](CCCC)NC1=O,6,Circle,-6.0,,,,3.0759,train,train,train,test,train,test,train,test,train,valid,0.0,0,0.5,186.12,"[29.1, 20.31, 29.1, 29.1, 29.1, 49.41]",186.12,True,0.223426498,-0.577644954,0.58466184,-0.8092724
6282,2021_Kelly,2021,L1_2.2.2.4.3.1,6282,CC(=O)N1CCC[C@H]1C(=O)N(C)[C@@H](CC(C)C)C(=O)N[C@@H]1C(=O)N[C@H](CC(C)C)C(=O)N[C@H](CC(C)C)C(=O)N(C)[C@H](CC(C)C)C(=O)N(C)[C@@H](C)C(=O)N[C@@H](CC(C)C)C(=O)N2CCC[C@@H]2C(=O)O[C@@H]1C,10,Lariat,-5.67,,,,2.6042,train,train,train,test,train,train,valid,train,train,train,0.165,1,0.5825,244.25,"[17.07, 20.31, 20.31, 38.33, 29.1, 29.1, 20.31, 20.31, 29.1, 20.31]",244.25,True,0.127533901,-0.135036357,0.10590961,-0.103591114
6255,2021_Kelly,2021,L1_16.4.4.1.1.2,6255,CC(=O)N1CCC[C@@H]1C(=O)N(C)[C@H](CC(C)C)C(=O)N[C@@H]1C(=O)N(C)[C@H](CC(C)C)C(=O)N(C)[C@H](CC(C)C)C(=O)N[C@@H](CC(C)C)C(=O)N[C@@H](C)C(=O)N[C@H](CC(C)C)C(=O)N2CCC[C@@H]2C(=O)O[C@@H]1C,10,Lariat,-5.46,,,,2.6042,train,train,train,test,test,test,train,test,train,test,0.27,1,1.0,244.25,"[17.07, 20.31, 20.31, 38.33, 20.31, 20.31, 29.1, 29.1, 29.1, 20.31]",244.25,True,0.127533901,-0.135036357,-0.34620252,-0.079223976
5826,2021_Kelly,2021,L1_10.4.1.3.4.2,5826,CC(=O)N1CCC[C@H]1C(=O)N(C)[C@@H](CC(C)C)C(=O)N[C@@H]1C(=O)N(C)[C@H](CC(C)C)C(=O)N[C@@H](CC(C)C)C(=O)N(C)[C@@H](CC(C)C)C(=O)N(C)[C@H](C)C(=O)N[C@H](CC(C)C)C(=O)N2CCC[C@@H]2C(=O)O[C@@H]1C,10,Lariat,-5.75,,,,2.9464,test,train,train,test,valid,train,test,test,train,train,0.125,1,0.5625,235.46,"[17.07, 20.31, 20.31, 38.33, 20.31, 29.1, 20.31, 20.31, 29.1, 20.31]",235.46,True,0.19710025,-0.201964442,0.17761347,-0.19255087
4256,2020_Townsend,2020,hepta_679,4256,CC(C)C[C@@H]1NC(=O)[C@H](C)N(C)C(=O)[C@H]2CCCN2C(=O)[C@H](Cc2ccccc2)NC(=O)[C@H](CC(C)C)N(C)C(=O)[C@H]2CCCN2C(=O)CN(Cc2ccccc2)C1=O,7,Circle,-5.89,,,,2.9892,test,train,train,test,train,train,train,test,train,train,0.055,1,0.5275,159.75,"[20.31, 20.31, 29.1, 20.31, 20.31, 20.31, 29.1]",159.75,True,0.205801126,-0.778429208,0.25627702,-0.80806136
4582,2020_Townsend,2020,hepta_1005,4582,CC(C)C[C@H]1C(=O)N2CCC[C@@H]2C(=O)N[C@H](CC(C)C)C(=O)N[C@@H](Cc2ccccc2)C(=O)N2CCC[C@H]2C(=O)N[C@@H](C)C(=O)N(C)[C@H](CC(C)C)C(=O)N1C,7,Circle,-5.6,,,,2.4913,train,train,train,test,train,train,train,train,train,train,0.2,1,0.6,168.54,"[20.31, 29.1, 20.31, 20.31, 20.31, 29.1, 29.1]",168.54,True,0.104582292,-0.711501123,0.11554055,-0.69655704
7118,2021_Kelly,2021,L5_36,7118,CCC[C@H]1NC(=O)[C@@H](NC(=O)[C@@H](CC(C)C)N(C)C(=O)[C@@H]2CCCN2C(C)=O)[C@@H](C)OC(=O)[C@@H]2CCCN2C(=O)[C@H](CC(C)C)NC(=O)[C@@H](C)N(C)C(=O)[C@@H](Cc2ccc(F)cc2)NC(=O)[C@H](Cc2ccc(OC)cc2)NC1=O,10,Lariat,-5.75,,,,2.5569,valid,test,train,test,test,train,train,train,train,train,0.125,1,0.5625,262.27,"[17.07, 20.31, 20.31, 38.33, 29.1, 38.33, 29.1, 20.31, 29.1, 20.31]",262.27,True,0.117918214,0.002170023,0.089281805,-0.028541178
6015,2021_Kelly,2021,L1_13.3.1.3.3.2,6015,CC(=O)N1CCC[C@H]1C(=O)N(C)[C@H](CC(C)C)C(=O)N[C@@H]1C(=O)N(C)[C@@H](CC(C)C)C(=O)N[C@@H](CC(C)C)C(=O)N(C)[C@@H](CC(C)C)C(=O)N(C)[C@@H](C)C(=O)N[C@H](CC(C)C)C(=O)N2CCC[C@H]2C(=O)O[C@@H]1C,10,Lariat,-6.59,,,,2.9464,train,train,valid,test,train,test,train,train,train,train,-0.295,0,0.0,235.46,"[17.07, 20.31, 20.31, 38.33, 20.31, 29.1, 20.31, 20.31, 29.1, 20.31]",235.46,True,0.19710025,-0.201964442,0.0058298185,-0.15026626
6593,2021_Kelly,2021,L1_6.4.2.3.3.1,6593,CC(=O)N1CCC[C@H]1C(=O)N(C)[C@H](CC(C)C)C(=O)N[C@@H]1C(=O)N(C)[C@H](CC(C)C)C(=O)N[C@H](CC(C)C)C(=O)N(C)[C@@H](CC(C)C)C(=O)N(C)[C@@H](C)C(=O)N[C@@H](CC(C)C)C(=O)N2CCC[C@@H]2C(=O)O[C@@H]1C,10,Lariat,-5.37,,,,2.9464,test,train,train,test,train,train,train,test,train,train,0.315,1,1.0,235.46,"[17.07, 20.31, 20.31, 38.33, 20.31, 29.1, 20.31, 20.31, 29.1, 20.31]",235.46,True,0.19710025,-0.201964442,0.30541298,-0.15908076
1732,2016_Furukawa,2016,2.6-01H,1732,CCCCCN1CC(=O)N[C@H](CC(C)C)C(=O)N[C@@H](CCCC)C(=O)N2CCC[C@@H]2C(=O)N(CC)CC(=O)N[C@@H](C)C1=O,6,Circle,-5.99,,,,1.5689,train,train,train,test,train,train,train,valid,train,train,0.005,1,0.5025,148.23,"[29.1, 20.31, 29.1, 29.1, 20.31, 20.31]",148.23,True,-0.082933781,-0.866143831,0.031350523,-0.8603686
1778,2016_Furukawa,2016,2.7-11H,1778,CCCC[C@@H]1NC(=O)[C@@H](CC(C)C)NC(=O)CN(CC2CCCCC2)C(=O)[C@@H](C)NC(=O)CN(Cc2ccc3c(c2)OCO3)C(=O)[C@@H]2CCCN2C1=O,6,Circle,-5.42,,,,2.868,test,train,train,test,train,train,train,valid,train,train,0.29,1,1.0,166.69,"[29.1, 20.31, 29.1, 29.1, 20.31, 38.77]",166.69,True,0.181162197,-0.725587239,0.36202723,-0.75438815
2553,2020_Townsend,2020,hexa_39,2553,CC(C)C[C@@H]1NC(=O)C[C@H](Cc2ccccc2)NC(=O)[C@H](Cc2ccccc2)NC(=O)[C@@H](CC(C)C)NC(=O)[C@H]2CCCN2C(=O)CN(Cc2ccccc2)C1=O,6,Circle,-5.32,,,,3.9267,train,train,valid,test,train,train,train,train,train,train,0.34,1,1.0,157.02,"[29.1, 29.1, 20.31, 20.31, 29.1, 29.1]",157.02,True,0.3963869,-0.799215746,0.122150645,-0.81902075
4640,2020_Townsend,2020,hepta_1063,4640,CC(C)C[C@@H]1NC(=O)[C@H](C)N(C)C(=O)[C@@H]2CCCN2C(=O)[C@H](Cc2ccccc2)NC(=O)[C@@H](CC(C)C)NC(=O)[C@@H]2CCCN2C(=O)[C@H](CC(C)C)N(C)C1=O,7,Circle,-7.66,,,,2.4913,train,train,train,test,train,test,valid,train,train,train,-0.83,0,0.0,168.54,"[20.31, 20.31, 29.1, 20.31, 20.31, 29.1, 29.1]",168.54,True,0.104582292,-0.711501123,-0.15036182,-0.7102157
2351,2018_Naylor,2018,1NMe3perNH-34Cha6Y(57),2351,CC(C)C[C@@H]1NC(=O)[C@H](Cc2ccc(O)cc2)NC(=O)[C@H]2CCCN2C(=O)[C@H](CC2CCCCC2)NC(=O)[C@H](CC2CCCCC2)NC(=O)[C@@H](CC(C)C)NC1=O,6,Circle,-5.36,,,-5.96,4.3963,test,train,train,test,train,train,train,train,train,train,0.32,1,1.0,186.04,"[29.1, 29.1, 29.1, 29.1, 20.31, 49.33]",186.04,True,0.491852585,-0.578254083,0.36749294,-0.7527994
1252,2016_Furukawa,2016,1.3-39,1252,CCCC[C@@H]1NC(=O)[C@H](CC(C)C)N(C)C(=O)CN(CCCc2cnn(C)c2)C(=O)[C@H](Cc2ccc3ccccc3c2)NC(=O)CN(CC(C)C)C(=O)[C@H]2CCCN2C1=O,6,Circle,-5.65,,,,4.0993,train,train,train,test,valid,train,train,valid,train,train,0.175,1,0.5875,157.26,"[29.1, 38.13, 20.31, 29.1, 20.31, 20.31]",157.26,True,0.431475012,-0.797388358,0.07539659,-0.80109584
3965,2020_Townsend,2020,hepta_388,3965,CC(C)C[C@H]1C(=O)N(C)[C@H](CC(C)C)C(=O)N2CCC[C@@H]2C(=O)N(Cc2ccccc2)CC(=O)N[C@@H](Cc2ccccc2)C(=O)N2CCC[C@@H]2C(=O)N[C@H](C)C(=O)N1C,7,Circle,-5.79,,,,2.9892,train,train,test,test,train,train,train,train,train,train,0.105,1,0.5525,159.75,"[20.31, 29.1, 20.31, 20.31, 20.31, 20.31, 29.1]",159.75,True,0.205801126,-0.778429208,0.019923184,-0.7593035
5936,2021_Kelly,2021,L1_12.1.3.1.4.2,5936,CC(=O)N1CCC[C@@H]1C(=O)N(C)[C@@H](CC(C)C)C(=O)N[C@@H]1C(=O)N[C@@H](CC(C)C)C(=O)N(C)[C@@H](CC(C)C)C(=O)N[C@@H](CC(C)C)C(=O)N(C)[C@H](C)C(=O)N[C@H](CC(C)C)C(=O)N2CCC[C@@H]2C(=O)O[C@@H]1C,10,Lariat,-5.16,,,,2.6042,train,train,test,test,train,train,train,valid,train,train,0.42,1,1.0,244.25,"[17.07, 20.31, 20.31, 38.33, 29.1, 20.31, 29.1, 20.31, 29.1, 20.31]",244.25,True,0.127533901,-0.135036357,0.064600736,-0.06615353
1294,2016_Furukawa,2016,1.5-01,1294,CCCC[C@@H]1NC(=O)[C@H](CC(C)C)N(C)C(=O)CN(CCOC)C(=O)[C@H](C)NC(=O)CN(CCN2CCOCC2)C(=O)[C@H]2CCCN2C1=O,6,Circle,-8.12,,,,-0.3204,train,test,train,test,valid,train,train,train,train,train,-1.0,0,0.0,161.14,"[29.1, 29.54, 20.31, 29.1, 20.31, 32.78]",161.14,True,-0.467012398,-0.767845586,-0.8432876,-0.7331673
4978,2020_Townsend,2020,hepta_1401,4978,CC(C)C[C@H]1C(=O)N[C@@H](Cc2ccccc2)C(=O)N2CCC[C@@H]2C(=O)N[C@@H](Cc2ccccc2)CC(=O)N(C)[C@H](CC(C)C)C(=O)N(Cc2ccccc2)CC(=O)N2CCC[C@H]2C(=O)N1C,7,Circle,-5.64,,,,4.6021,train,train,train,test,test,valid,train,train,train,train,0.18,1,0.59,159.75,"[20.31, 29.1, 20.31, 20.31, 20.31, 20.31, 29.1]",159.75,True,0.533689974,-0.778429208,0.25856555,-0.7885872
1354,2016_Furukawa,2016,1.6-21,1354,CCCC[C@@H]1NC(=O)[C@H](CC(C)C)N(C)C(=O)CN(CCCc2cnn(C)c2)C(=O)[C@H](CC(C)C)NC(=O)CN(Cc2ccc(Cl)cc2)C(=O)[C@H]2CCCN2C1=O,6,Circle,-5.52,,,,3.9471,train,train,train,test,test,train,valid,train,train,train,0.24,1,0.62,157.26,"[29.1, 38.13, 20.31, 29.1, 20.31, 20.31]",157.26,True,0.400534047,-0.797388358,0.20322672,-0.79645115
2996,2020_Townsend,2020,hexa_482,2996,CC(C)C[C@@H]1NC(=O)[C@@H]2CCCN2C(=O)CN(Cc2ccccc2)C(=O)[C@H](CC(C)C)N(C)C(=O)[C@@H](C)NC(=O)[C@H](Cc2ccccc2)NC1=O,6,Circle,-5.98,,,,2.656,train,train,train,test,train,valid,train,train,train,train,0.01,1,0.505,148.23,"[29.1, 20.31, 20.31, 20.31, 29.1, 29.1]",148.23,True,0.138064401,-0.866143831,0.0054565854,-0.8538955
1805,2016_Furukawa,2016,2.8-02H,1805,CCCC[C@@H]1NC(=O)[C@@H](CC(C)C)NC(=O)CN(CC2CCCCC2)C(=O)[C@@H](C)NC(=O)CN(CC)C(=O)[C@H]2CCCN2C1=O,6,Circle,-6.0,,,,1.959,train,train,train,test,train,train,train,train,train,test,0.0,0,0.5,148.23,"[29.1, 20.31, 29.1, 29.1, 20.31, 20.31]",148.23,True,-0.00362977,-0.866143831,0.038053706,-0.8552983
4668,2020_Townsend,2020,hepta_1091,4668,CC(C)C[C@@H]1NC(=O)[C@H](CC(C)C)N(C)C(=O)[C@H](C)N(C)C(=O)[C@@H]2CCCN2C(=O)[C@H](Cc2ccccc2)NC(=O)[C@H](CC(C)C)N(C)C(=O)[C@@H]2CCCN2C1=O,7,Circle,-5.16,,,,2.8335,valid,train,train,test,train,valid,valid,train,train,train,0.42,1,1.0,159.75,"[20.31, 20.31, 20.31, 29.1, 20.31, 20.31, 29.1]",159.75,True,0.174148641,-0.778429208,0.2105435,-0.76038283
6202,2021_Kelly,2021,L1_16.1.3.1.3.2,6202,CC(=O)N1CCC[C@@H]1C(=O)N(C)[C@H](CC(C)C)C(=O)N[C@@H]1C(=O)N[C@@H](CC(C)C)C(=O)N(C)[C@@H](CC(C)C)C(=O)N[C@@H](CC(C)C)C(=O)N(C)[C@@H](C)C(=O)N[C@H](CC(C)C)C(=O)N2CCC[C@@H]2C(=O)O[C@@H]1C,10,Lariat,-5.96,,,,2.6042,train,train,train,test,train,train,train,valid,train,train,0.02,1,0.51,244.25,"[17.07, 20.31, 20.31, 38.33, 29.1, 20.31, 29.1, 20.31, 29.1, 20.31]",244.25,True,0.127533901,-0.135036357,-0.14087065,-0.09676327
5140,2020_Townsend,2020,hepta_1563,5140,CCCN1CC(=O)N[C@H](CC(C)C)C(=O)N(C)[C@@H](CC(C)C)C(=O)N2CCC[C@@H]2C(=O)N(Cc2ccccc2)CC(=O)N[C@@H](Cc2ccccc2)C(=O)N2CCC[C@@H]2C1=O,7,Circle,-5.68,,,,3.3809,train,valid,train,test,valid,train,train,train,train,train,0.16,1,0.58,159.75,"[20.31, 20.31, 29.1, 20.31, 20.31, 20.31, 29.1]",159.75,True,0.285430404,-0.778429208,0.15088831,-0.768056
2884,2020_Townsend,2020,hexa_370,2884,CC(C)C[C@@H]1NC(=O)[C@@H]2CCCN2C(=O)[C@H](CC(C)C)NC(=O)CN(Cc2ccccc2)C(=O)[C@H](C)NC(=O)[C@H](Cc2ccccc2)NC1=O,6,Circle,-6.05,,,,2.3138,train,train,train,test,train,train,valid,train,train,test,-0.025,0,0.4875,157.02,"[29.1, 20.31, 29.1, 20.31, 29.1, 29.1]",157.02,True,0.068498052,-0.799215746,-0.10951117,-0.76475203
1077,2015_Wang,2015,Compound.33,1077,C[C@@H](O)[C@@H]1NC(=O)[C@@H](CCCCN)NC(=O)[C@@H](Cc2cc3ccccc3[nH]2)NC(=O)[C@H](Cc2ccccc2)NC(=O)[C@@H]2CCCN2C(=O)[C@@H](Cc2ccccc2)NC1=O,6,Circle,-7.05,-6.7,,,1.1342,train,train,test,test,train,train,train,train,train,valid,-0.525,0,0.0,227.85,"[44.89, 41.13, 38.33, 29.1, 20.31, 29.1]",202.86,True,-0.171304593,-0.259907869,-0.8174414,-0.18405141
3708,2020_Townsend,2020,hepta_131,3708,CC(C)C[C@H]1NC(=O)[C@@H]2CCCN2C(=O)C[C@H](Cc2ccccc2)NC(=O)[C@@H](CC(C)C)N(C)C(=O)[C@H](C)NC(=O)[C@H]2CCCN2C(=O)[C@H](Cc2ccccc2)NC1=O,7,Circle,-6.34,,,,2.7358,train,train,train,test,test,train,train,train,train,train,-0.17,0,0.415,177.33,"[20.31, 29.1, 20.31, 29.1, 20.31, 29.1, 29.1]",177.33,True,0.154287062,-0.644573038,-0.08302377,-0.6223477
3407,2020_Townsend,2020,hexa_893,3407,CC(C)C[C@H]1C(=O)N(Cc2ccccc2)CC(=O)N2CCC[C@H]2C(=O)N(Cc2ccccc2)CC(=O)N[C@@H](Cc2ccccc2)C(=O)N(C)[C@H](C)C(=O)N1C,6,Circle,-5.3,,,,3.4961,train,train,train,test,train,train,valid,train,train,train,0.35,1,1.0,130.65,"[20.31, 20.31, 20.31, 20.31, 20.31, 29.1]",130.65,True,0.308849584,-1.0,0.22340097,-0.99480057
4339,2020_Townsend,2020,hepta_762,4339,CC(C)C[C@H]1C(=O)N2CCC[C@@H]2C(=O)N(C)[C@@H](CC(C)C)C(=O)N[C@@H](Cc2ccccc2)C(=O)N2CCC[C@@H]2C(=O)N(C)[C@H](C)C(=O)N(C)[C@H](CC(C)C)C(=O)N1C,7,Circle,-10.0,,,,3.1757,train,valid,train,test,test,train,valid,train,train,train,-1.0,0,0.0,150.96,"[20.31, 20.31, 20.31, 20.31, 20.31, 20.31, 29.1]",150.96,True,0.243714989,-0.845357292,0.32404184,-0.8717072
6293,2021_Kelly,2021,L1_2.3.2.4.3.1,6293,CC(=O)N1CCC[C@H]1C(=O)N(C)[C@@H](CC(C)C)C(=O)N[C@@H]1C(=O)N(C)[C@@H](CC(C)C)C(=O)N[C@H](CC(C)C)C(=O)N(C)[C@H](CC(C)C)C(=O)N(C)[C@@H](C)C(=O)N[C@@H](CC(C)C)C(=O)N2CCC[C@@H]2C(=O)O[C@@H]1C,10,Lariat,-5.89,,,,2.9464,valid,train,train,test,train,test,train,train,train,train,0.055,1,0.5275,235.46,"[17.07, 20.31, 20.31, 38.33, 20.31, 29.1, 20.31, 20.31, 29.1, 20.31]",235.46,True,0.19710025,-0.201964442,0.18301576,-0.20230404
3652,2020_Townsend,2020,hepta_75,3652,CC(C)C[C@H]1NC(=O)[C@H](C)NC(=O)[C@H]2CCCN2C(=O)[C@H](Cc2ccccc2)NC(=O)[C@@H](CC(C)C)NC(=O)[C@@H]2CCCN2C(=O)[C@@H](CC(C)C)NC1=O,7,Circle,-6.46,,,,1.8069,train,train,test,test,train,train,train,train,train,train,-0.23,0,0.385,186.12,"[20.31, 29.1, 29.1, 29.1, 20.31, 29.1, 29.1]",186.12,True,-0.034550406,-0.577644954,-0.60181856,-0.5064356
3545,2020_Townsend,2020,hexa_1031,3545,CC(C)C[C@H]1C(=O)N(C)[C@H](CC(C)C)C(=O)N2CCC[C@@H]2C(=O)N(C)[C@@H](CC(C)C)C(=O)N[C@@H](Cc2ccccc2)C(=O)N(C)[C@H](C)C(=O)N1C,6,Circle,-4.87,,,,3.1847,test,train,train,test,train,train,train,train,train,train,0.565,1,1.0,130.65,"[20.31, 20.31, 20.31, 20.31, 20.31, 29.1]",130.65,True,0.245544613,-1.0,0.5922865,-1.0136671
99,2013_CHUGAI,2013,DP-81,99,CC[C@H](C)[C@H]1C(=O)N[C@H](C(=O)N2CCCCC2)CC(=O)N(C)[C@H](C)C(=O)N(C)[C@@H](Cc2ccccc2)C(=O)N(C)[C@@H](CC(C)C)C(=O)N[C@@H]([C@@H](C)O)C(=O)N(C)CC(=O)N[C@@H](COC(C)(C)C)C(=O)N(C)[C@@H](CC(C)C)C(=O)N1C,10,Lariat,-4.6,,,,2.0472,train,train,train,test,train,train,train,train,train,train,0.7,1,1.0,258.93,"[20.31, 20.31, 20.31, 38.33, 20.31, 38.33, 20.31, 20.31, 46.17, 3.24]",247.93,True,0.01430054,-0.023261126,0.8141678,-0.012713224
6321,2021_Kelly,2021,L1_3.1.1.4.4.1,6321,CC(=O)N1CCC[C@@H]1C(=O)N(C)[C@@H](CC(C)C)C(=O)N[C@@H]1C(=O)N[C@@H](CC(C)C)C(=O)N[C@@H](CC(C)C)C(=O)N(C)[C@H](CC(C)C)C(=O)N(C)[C@H](C)C(=O)N[C@@H](CC(C)C)C(=O)N2CCC[C@H]2C(=O)O[C@@H]1C,10,Lariat,-5.68,,,,2.6042,train,train,train,test,train,train,train,train,train,train,0.16,1,0.58,244.25,"[17.07, 20.31, 20.31, 38.33, 29.1, 29.1, 20.31, 20.31, 29.1, 20.31]",244.25,True,0.127533901,-0.135036357,0.0018151179,-0.07285054
1290,2016_Furukawa,2016,1.4-37,1290,CCCC[C@@H]1NC(=O)[C@H](CC(C)C)N(C)C(=O)CN(CCCc2ccccc2)C(=O)[C@H](Cc2ccc3ccccc3c2)NC(=O)CN(CCCOC(C)C)C(=O)[C@H]2CCCN2C1=O,6,Circle,-7.0,,,,5.5249,train,train,train,test,train,train,valid,train,train,train,-0.5,0,0.0,148.67,"[29.1, 20.31, 20.31, 29.1, 20.31, 29.54]",148.67,True,0.721287364,-0.862793619,-0.65551764,-0.85769916
5886,2021_Kelly,2021,L1_11.2.3.4.3.2,5886,CC(=O)N1CCC[C@@H]1C(=O)N(C)[C@@H](CC(C)C)C(=O)N[C@@H]1C(=O)N[C@H](CC(C)C)C(=O)N(C)[C@@H](CC(C)C)C(=O)N(C)[C@H](CC(C)C)C(=O)N(C)[C@@H](C)C(=O)N[C@H](CC(C)C)C(=O)N2CCC[C@H]2C(=O)O[C@@H]1C,10,Lariat,-5.46,,,,2.9464,test,train,train,test,test,train,valid,test,train,train,0.27,1,1.0,235.46,"[17.07, 20.31, 20.31, 38.33, 29.1, 20.31, 20.31, 20.31, 29.1, 20.31]",235.46,True,0.19710025,-0.201964442,0.1337928,-0.20835046
3453,2020_Townsend,2020,hexa_939,3453,CC(C)C[C@H]1C(=O)N(C)[C@H](CC(C)C)C(=O)N2CCC[C@@H]2C(=O)N(C)[C@H](CC(C)C)C(=O)N[C@@H](Cc2ccccc2)C(=O)N(C)[C@@H](C)C(=O)N1C,6,Circle,-4.84,,,,3.1847,train,train,train,test,valid,train,train,train,train,train,0.58,1,1.0,130.65,"[20.31, 20.31, 20.31, 20.31, 20.31, 29.1]",130.65,True,0.245544613,-1.0,0.57181334,-0.98913187
3943,2020_Townsend,2020,hepta_366,3943,CC(C)C[C@H]1C(=O)N(C)[C@H](CC(C)C)C(=O)N2CCC[C@@H]2C(=O)N(C)[C@@H](CC(C)C)C(=O)N[C@@H](Cc2ccccc2)C(=O)N2CCC[C@@H]2C(=O)N[C@H](C)C(=O)N1C,7,Circle,-5.74,,,,2.8335,test,train,train,test,train,valid,train,train,train,train,0.13,1,0.565,159.75,"[20.31, 29.1, 20.31, 20.31, 20.31, 20.31, 29.1]",159.75,True,0.174148641,-0.778429208,0.17334759,-0.7916592
1777,2016_Furukawa,2016,2.7-10H,1777,CCCCCN1CC(=O)N[C@H](CC(C)C)C(=O)N[C@@H](CCCC)C(=O)N2CCC[C@H]2C(=O)N(Cc2ccc3c(c2)OCO3)CC(=O)N[C@H](C)C1=O,6,Circle,-5.68,,,,2.4779,train,train,train,test,train,train,train,train,train,train,0.16,1,0.58,166.69,"[29.1, 20.31, 29.1, 29.1, 20.31, 38.77]",166.69,True,0.101858186,-0.725587239,0.21555702,-0.7309242
3716,2020_Townsend,2020,hepta_139,3716,CC(C)C[C@@H]1NC(=O)[C@@H]2CCCN2C(=O)CN(Cc2ccccc2)C(=O)CN(Cc2ccccc2)C(=O)[C@H](C)NC(=O)[C@H]2CCCN2C(=O)[C@H](Cc2ccccc2)NC1=O,7,Circle,-6.37,,,,2.8027,train,train,train,test,valid,train,train,train,train,train,-0.185,0,0.4075,168.54,"[20.31, 29.1, 20.31, 20.31, 20.31, 29.1, 29.1]",168.54,True,0.167887263,-0.711501123,-0.47717988,-0.72510135
7228,2022_Bhardwaj,2022,D7.2,7228,CC[C@H](C)[C@@H]1NC(=O)[C@H](CC(C)C)N(C)C(=O)[C@H]2CCCN2C(=O)[C@@H](CC(C)C)NC(=O)[C@H](CC(C)C)NC(=O)[C@@H](CC(C)C)N(C)C(=O)[C@@H]2CCCN2C1=O,7,Circle,-4.94,,,,3.3209,train,test,train,test,train,train,test,train,train,train,0.53,1,1.0,168.54,"[29.1, 20.31, 20.31, 29.1, 20.31, 20.31, 29.1]",168.54,True,0.273232914,-0.711501123,0.3294158,-0.59809375
3586,2020_Townsend,2020,hepta_9,3586,CCCN1CC(=O)N[C@H](CC(C)C)C(=O)N(C)[C@@H](CC(C)C)C(=O)N2CCC[C@H]2C(=O)N[C@H](CC(C)C)C(=O)N[C@@H](Cc2ccccc2)C(=O)N2CCC[C@@H]2C1=O,7,Circle,-5.67,,,,2.883,train,train,train,test,train,valid,test,train,train,train,0.165,1,0.5825,168.54,"[20.31, 20.31, 29.1, 20.31, 20.31, 29.1, 29.1]",168.54,True,0.18421157,-0.711501123,0.15232563,-0.6756785
5561,2020_Townsend,2020,hepta_1984,5561,CC(C)C[C@@H]1NC(=O)[C@H](CC(C)C)N(C)C(=O)[C@H](C)N(C)C(=O)[C@@H]2CCCN2C(=O)[C@H](Cc2ccccc2)NC(=O)[C@@H](CC(C)C)N(C)C(=O)[C@H]2CCCN2C1=O,7,Circle,-5.51,,,,2.8335,train,valid,valid,test,valid,train,train,train,train,test,0.245,1,0.6225,159.75,"[20.31, 20.31, 20.31, 29.1, 20.31, 20.31, 29.1]",159.75,True,0.174148641,-0.778429208,0.293313,-0.7902317
3966,2020_Townsend,2020,hepta_389,3966,CC(C)C[C@H]1NC(=O)[C@@H](C)NC(=O)[C@H]2CCCN2C(=O)[C@H](Cc2ccccc2)NC(=O)CN(Cc2ccccc2)C(=O)[C@H]2CCCN2C(=O)CN(Cc2ccccc2)C1=O,7,Circle,-6.38,,,,2.8027,train,test,train,test,train,train,train,train,train,test,-0.19,0,0.405,168.54,"[20.31, 29.1, 29.1, 20.31, 20.31, 20.31, 29.1]",168.54,True,0.167887263,-0.711501123,-0.15287623,-0.71694064
3390,2020_Townsend,2020,hexa_876,3390,CC(C)C[C@@H]1C(=O)N2CCC[C@H]2C(=O)N(C)[C@H](CC(C)C)C(=O)N[C@@H](Cc2ccccc2)C(=O)N(C)[C@H](C)C(=O)N(Cc2ccccc2)CC(=O)N1C,6,Circle,-4.97,,,,3.3404,train,valid,valid,test,train,test,train,train,train,train,0.515,1,1.0,130.65,"[20.31, 20.31, 20.31, 20.31, 20.31, 29.1]",130.65,True,0.277197098,-1.0,0.5980604,-0.938763
3974,2020_Townsend,2020,hepta_397,3974,CC(C)C[C@H]1NC(=O)[C@@H](C)NC(=O)[C@H]2CCCN2C(=O)[C@H](Cc2ccccc2)NC(=O)CN(Cc2ccccc2)C(=O)[C@H]2CCCN2C(=O)C[C@H](Cc2ccccc2)NC1=O,7,Circle,-6.44,,,,2.8915,train,train,train,test,valid,train,valid,train,train,train,-0.22,0,0.39,177.33,"[20.31, 29.1, 29.1, 29.1, 20.31, 20.31, 29.1]",177.33,True,0.185939547,-0.644573038,-0.34234965,-0.620931
4407,2020_Townsend,2020,hepta_830,4407,CCCN1CC(=O)N[C@@H](CC(C)C)C(=O)N(C)[C@H](CC(C)C)C(=O)N2CCC[C@@H]2C(=O)N(C)[C@H](CC(C)C)C(=O)N[C@@H](Cc2ccccc2)C(=O)N2CCC[C@H]2C1=O,7,Circle,-6.01,,,,3.2252,train,train,train,test,valid,train,train,test,train,train,-0.005,0,0.4975,159.75,"[20.31, 20.31, 29.1, 20.31, 20.31, 20.31, 29.1]",159.75,True,0.253777918,-0.778429208,0.22811827,-0.78932583
3283,2020_Townsend,2020,hexa_769,3283,CC(C)C[C@H]1C(=O)N(Cc2ccccc2)CC(=O)N2CCC[C@H]2C(=O)N[C@H](CC(C)C)C(=O)N[C@@H](Cc2ccccc2)C(=O)N(C)[C@@H](C)C(=O)N1C,6,Circle,-5.27,,,,2.9982,train,valid,train,test,train,train,train,train,train,train,0.365,1,1.0,139.44,"[20.31, 20.31, 20.31, 20.31, 29.1, 29.1]",139.44,True,0.207630749,-0.933071915,0.062905125,-0.8786855
6481,2021_Kelly,2021,L1_5.1.1.4.4.1,6481,CC(=O)N1CCC[C@H]1C(=O)N(C)[C@H](CC(C)C)C(=O)N[C@@H]1C(=O)N[C@@H](CC(C)C)C(=O)N[C@@H](CC(C)C)C(=O)N(C)[C@H](CC(C)C)C(=O)N(C)[C@H](C)C(=O)N[C@@H](CC(C)C)C(=O)N2CCC[C@H]2C(=O)O[C@@H]1C,10,Lariat,-5.44,,,,2.6042,train,train,train,test,train,train,train,train,train,train,0.28,1,1.0,244.25,"[17.07, 20.31, 20.31, 38.33, 29.1, 29.1, 20.31, 20.31, 29.1, 20.31]",244.25,True,0.127533901,-0.135036357,0.038658515,-0.075142995
2775,2020_Townsend,2020,hexa_261,2775,CCCN1CC(=O)N[C@H](CC(C)C)C(=O)N[C@H](CC(C)C)C(=O)N2CCC[C@H]2C(=O)N(C)[C@H](CC(C)C)C(=O)N[C@@H](Cc2ccccc2)C1=O,6,Circle,-5.95,,,,2.892,test,train,train,test,train,train,train,train,train,test,0.025,1,0.5125,148.23,"[20.31, 29.1, 29.1, 20.31, 20.31, 29.1]",148.23,True,0.186041193,-0.866143831,0.36355346,-0.81137127
5440,2020_Townsend,2020,hepta_1863,5440,CC(C)C[C@@H]1NC(=O)[C@@H](CC(C)C)N(C)C(=O)[C@H](C)NC(=O)[C@@H]2CCCN2C(=O)[C@H](Cc2ccccc2)NC(=O)[C@@H](CC(C)C)NC(=O)[C@@H]2CCCN2C1=O,7,Circle,-5.92,,,,2.1491,train,test,train,test,train,train,train,train,train,train,0.04,1,0.52,177.33,"[20.31, 29.1, 20.31, 29.1, 20.31, 29.1, 29.1]",177.33,True,0.035015943,-0.644573038,-0.15209797,-0.6587898
6244,2021_Kelly,2021,L1_16.3.4.4.3.2,6244,CC(=O)N1CCC[C@@H]1C(=O)N(C)[C@H](CC(C)C)C(=O)N[C@@H]1C(=O)N(C)[C@@H](CC(C)C)C(=O)N(C)[C@H](CC(C)C)C(=O)N(C)[C@H](CC(C)C)C(=O)N(C)[C@@H](C)C(=O)N[C@H](CC(C)C)C(=O)N2CCC[C@@H]2C(=O)O[C@@H]1C,10,Lariat,-5.49,,,,3.2886,valid,train,train,test,train,train,valid,train,train,train,0.255,1,1.0,226.67,"[17.07, 20.31, 20.31, 38.33, 20.31, 20.31, 20.31, 20.31, 29.1, 20.31]",226.67,True,0.266666599,-0.268892527,0.23424895,-0.3304023
20,2006_Rezai_2,2006,compd.225,20,COc1ccc(C[C@@H]2NC(=O)[C@H](CC(C)C)NC(=O)[C@@H](CC(C)C)NC(=O)[C@@H](CC(C)C)NC(=O)[C@H]3CCCN3C(=O)[C@H](CC(C)C)NC(=O)[C@H]3CCCN3C2=O)cc1,7,Circle,-7.12,,,,2.8417,train,train,train,test,train,train,test,train,train,test,-0.56,0,0.0,195.35,"[38.33, 20.31, 29.1, 20.31, 29.1, 29.1, 29.1]",195.35,True,0.175815631,-0.507366658,-0.120063305,-0.44996616
4006,2020_Townsend,2020,hepta_429,4006,CC(C)C[C@H]1NC(=O)[C@@H]2CCCN2C(=O)[C@@H](CC(C)C)N(C)C(=O)[C@@H](CC(C)C)N(C)C(=O)[C@H](C)N(C)C(=O)[C@H]2CCCN2C(=O)[C@H](Cc2ccccc2)NC1=O,7,Circle,-5.81,,,,2.8335,train,train,valid,test,train,train,train,valid,train,valid,0.095,1,0.5475,159.75,"[20.31, 20.31, 20.31, 20.31, 20.31, 29.1, 29.1]",159.75,True,0.174148641,-0.778429208,0.22388107,-0.7996447
2673,2020_Townsend,2020,hexa_159,2673,CC(C)C[C@H]1NC(=O)C[C@H](Cc2ccccc2)NC(=O)[C@H](Cc2ccccc2)NC(=O)CN(Cc2ccccc2)C(=O)[C@@H]2CCCN2C(=O)CN(Cc2ccccc2)C1=O,6,Circle,-6.02,,,,4.4246,train,train,valid,test,test,train,valid,train,train,valid,-0.01,0,0.495,148.23,"[29.1, 29.1, 20.31, 20.31, 20.31, 29.1]",148.23,True,0.497605734,-0.866143831,0.0662986,-0.8583956
6310,2021_Kelly,2021,L1_2.4.4.2.4.1,6310,CC(=O)N1CCC[C@H]1C(=O)N(C)[C@@H](CC(C)C)C(=O)N[C@@H]1C(=O)N(C)[C@H](CC(C)C)C(=O)N(C)[C@H](CC(C)C)C(=O)N[C@H](CC(C)C)C(=O)N(C)[C@H](C)C(=O)N[C@@H](CC(C)C)C(=O)N2CCC[C@@H]2C(=O)O[C@@H]1C,10,Lariat,-5.08,,,,2.9464,test,train,train,test,train,train,train,train,train,test,0.46,1,1.0,235.46,"[17.07, 20.31, 20.31, 38.33, 20.31, 20.31, 29.1, 20.31, 29.1, 20.31]",235.46,True,0.19710025,-0.201964442,0.26040256,-0.16981943
4765,2020_Townsend,2020,hepta_1188,4765,CC(C)C[C@H]1C(=O)N(C)[C@H](CC(C)C)C(=O)N2CCC[C@H]2C(=O)N(C)[C@H](CC(C)C)C(=O)N[C@@H](Cc2ccccc2)C(=O)N2CCC[C@H]2C(=O)N(C)[C@H](C)C(=O)N1C,7,Circle,-5.46,,,,3.1757,train,train,train,test,train,train,train,test,train,train,0.27,1,1.0,150.96,"[20.31, 20.31, 20.31, 20.31, 20.31, 20.31, 29.1]",150.96,True,0.243714989,-0.845357292,0.33997703,-0.854309
3834,2020_Townsend,2020,hepta_257,3834,CC(C)C[C@@H]1NC(=O)[C@@H](CC(C)C)NC(=O)[C@H](C)NC(=O)[C@H]2CCCN2C(=O)[C@H](Cc2ccccc2)NC(=O)[C@H](CC(C)C)N(C)C(=O)[C@H]2CCCN2C1=O,7,Circle,-6.25,,,,2.1491,train,test,train,test,train,valid,train,train,train,train,-0.125,0,0.4375,177.33,"[20.31, 29.1, 29.1, 29.1, 20.31, 20.31, 29.1]",177.33,True,0.035015943,-0.644573038,-0.086345695,-0.6329132
4496,2020_Townsend,2020,hepta_919,4496,CC(C)C[C@@H]1NC(=O)[C@@H](C)NC(=O)[C@@H]2CCCN2C(=O)[C@H](Cc2ccccc2)NC(=O)[C@@H](CC(C)C)NC(=O)[C@@H]2CCCN2C(=O)[C@H](CC(C)C)N(C)C1=O,7,Circle,-6.34,,,,2.1491,train,train,train,test,train,train,train,train,train,valid,-0.17,0,0.415,177.33,"[20.31, 29.1, 29.1, 20.31, 20.31, 29.1, 29.1]",177.33,True,0.035015943,-0.644573038,-0.4664339,-0.6238977
1636,2016_Furukawa,2016,2.3-13H,1636,CCCCCN1CC(=O)N[C@@H](CC(C)C)C(=O)N[C@@H](CCCC)C(=O)N2CCC[C@H]2C(=O)N(CCCOC(C)C)CC(=O)N[C@H](Cc2ccccc2)C1=O,6,Circle,-5.29,,,,3.5869,train,valid,train,test,valid,train,train,train,train,train,0.355,1,1.0,157.46,"[29.1, 20.31, 29.1, 29.1, 20.31, 29.54]",157.46,True,0.327308451,-0.795865535,0.36160758,-0.78870463
2656,2020_Townsend,2020,hexa_142,2656,CC(C)C[C@@H]1NC(=O)C[C@H](Cc2ccccc2)NC(=O)[C@H](Cc2ccccc2)NC(=O)[C@@H](CC(C)C)N(C)C(=O)[C@@H]2CCCN2C(=O)CN(Cc2ccccc2)C1=O,6,Circle,-5.47,,,,4.2689,test,test,train,test,train,train,train,train,train,train,0.265,1,1.0,148.23,"[29.1, 29.1, 20.31, 20.31, 20.31, 29.1]",148.23,True,0.465953249,-0.866143831,0.24859832,-0.8887507
6551,2021_Kelly,2021,L1_6.1.2.4.3.1,6551,CC(=O)N1CCC[C@H]1C(=O)N(C)[C@H](CC(C)C)C(=O)N[C@@H]1C(=O)N[C@@H](CC(C)C)C(=O)N[C@H](CC(C)C)C(=O)N(C)[C@H](CC(C)C)C(=O)N(C)[C@@H](C)C(=O)N[C@@H](CC(C)C)C(=O)N2CCC[C@@H]2C(=O)O[C@@H]1C,10,Lariat,-5.32,,,,2.6042,train,train,train,test,test,valid,train,train,train,valid,0.34,1,1.0,244.25,"[17.07, 20.31, 20.31, 38.33, 29.1, 29.1, 20.31, 20.31, 29.1, 20.31]",244.25,True,0.127533901,-0.135036357,0.12678713,-0.08107072
5934,2021_Kelly,2021,L1_12.1.1.4.1.2,5934,CC(=O)N1CCC[C@@H]1C(=O)N(C)[C@@H](CC(C)C)C(=O)N[C@@H]1C(=O)N[C@@H](CC(C)C)C(=O)N[C@@H](CC(C)C)C(=O)N(C)[C@H](CC(C)C)C(=O)N[C@@H](C)C(=O)N[C@H](CC(C)C)C(=O)N2CCC[C@@H]2C(=O)O[C@@H]1C,10,Lariat,-6.39,,,,2.262,train,train,train,test,train,valid,train,train,train,train,-0.195,0,0.4025,253.04,"[17.07, 20.31, 20.31, 38.33, 29.1, 29.1, 20.31, 29.1, 29.1, 20.31]",253.04,True,0.057967553,-0.068108273,-0.38886675,-0.0035152733
3809,2020_Townsend,2020,hepta_232,3809,CC(C)C[C@@H]1C(=O)N(Cc2ccccc2)CC(=O)N2CCC[C@H]2C(=O)N(Cc2ccccc2)CC(=O)N[C@@H](Cc2ccccc2)C(=O)N2CCC[C@@H]2C(=O)N[C@H](C)C(=O)N1C,7,Circle,-6.23,,,,3.1449,train,train,train,test,train,train,train,train,train,train,-0.115,0,0.4425,159.75,"[20.31, 29.1, 20.31, 20.31, 20.31, 20.31, 29.1]",159.75,True,0.237453611,-0.778429208,-0.113316424,-0.7361928
5398,2020_Townsend,2020,hepta_1821,5398,CC(C)C[C@@H]1NC(=O)CN(Cc2ccccc2)C(=O)C[C@H](Cc2ccccc2)NC(=O)[C@@H]2CCCN2C(=O)[C@H](Cc2ccccc2)NC(=O)[C@@H](CC(C)C)N(C)C(=O)[C@H]2CCCN2C1=O,7,Circle,-5.63,,,,4.2599,train,train,train,test,train,train,train,test,train,test,0.185,1,0.5925,168.54,"[20.31, 29.1, 20.31, 29.1, 20.31, 20.31, 29.1]",168.54,True,0.464123626,-0.711501123,0.19171238,-0.7707102
5919,2021_Kelly,2021,L1_11.4.3.3.1.2,5919,CC(=O)N1CCC[C@@H]1C(=O)N(C)[C@@H](CC(C)C)C(=O)N[C@@H]1C(=O)N(C)[C@H](CC(C)C)C(=O)N(C)[C@@H](CC(C)C)C(=O)N(C)[C@@H](CC(C)C)C(=O)N[C@@H](C)C(=O)N[C@H](CC(C)C)C(=O)N2CCC[C@H]2C(=O)O[C@@H]1C,10,Lariat,-5.13,,,,2.9464,train,test,train,test,train,test,valid,train,train,valid,0.435,1,1.0,235.46,"[17.07, 20.31, 20.31, 38.33, 20.31, 20.31, 20.31, 29.1, 29.1, 20.31]",235.46,True,0.19710025,-0.201964442,0.18619813,-0.17644721
3688,2020_Townsend,2020,hepta_111,3688,CC(C)C[C@@H]1NC(=O)[C@@H](CC(C)C)NC(=O)[C@H](C)NC(=O)[C@H]2CCCN2C(=O)[C@H](Cc2ccccc2)NC(=O)CN(Cc2ccccc2)C(=O)[C@@H]2CCCN2C1=O,7,Circle,-6.68,,,,2.3048,train,train,train,test,train,train,train,valid,train,test,-0.34,0,0.0,177.33,"[20.31, 29.1, 29.1, 29.1, 20.31, 20.31, 29.1]",177.33,True,0.066668429,-0.644573038,-0.17541628,-0.7131099
4663,2020_Townsend,2020,hepta_1086,4663,CC(C)C[C@@H]1NC(=O)[C@H](C)N(C)C(=O)[C@@H]2CCCN2C(=O)[C@H](Cc2ccccc2)NC(=O)[C@H](CC(C)C)N(C)C(=O)[C@@H]2CCCN2C(=O)[C@@H](CC(C)C)N(C)C1=O,7,Circle,-5.28,,,,2.8335,train,valid,valid,test,valid,test,valid,train,train,train,0.36,1,1.0,159.75,"[20.31, 20.31, 29.1, 20.31, 20.31, 20.31, 29.1]",159.75,True,0.174148641,-0.778429208,0.27130207,-0.7975214
4451,2020_Townsend,2020,hepta_874,4451,CCCN1CC(=O)N[C@@H](CC(C)C)C(=O)N[C@@H](Cc2ccccc2)CC(=O)N2CCC[C@@H]2C(=O)N[C@@H](CC(C)C)C(=O)N[C@@H](Cc2ccccc2)C(=O)N2CCC[C@H]2C1=O,7,Circle,-6.81,,,,3.1275,train,train,train,test,train,test,train,train,train,valid,-0.405,0,0.0,177.33,"[20.31, 20.31, 29.1, 29.1, 20.31, 29.1, 29.1]",177.33,True,0.233916339,-0.644573038,-0.31422138,-0.69432706
6067,2021_Kelly,2021,L1_14.2.3.1.3.2,6067,CC(=O)N1CCC[C@H]1C(=O)N(C)[C@H](CC(C)C)C(=O)N[C@@H]1C(=O)N[C@H](CC(C)C)C(=O)N(C)[C@@H](CC(C)C)C(=O)N[C@@H](CC(C)C)C(=O)N(C)[C@@H](C)C(=O)N[C@H](CC(C)C)C(=O)N2CCC[C@@H]2C(=O)O[C@@H]1C,10,Lariat,-5.08,,,,2.6042,train,train,train,test,train,valid,train,valid,train,test,0.46,1,1.0,244.25,"[17.07, 20.31, 20.31, 38.33, 29.1, 20.31, 29.1, 20.31, 29.1, 20.31]",244.25,True,0.127533901,-0.135036357,0.2737737,-0.100139365
3439,2020_Townsend,2020,hexa_925,3439,CC(C)C[C@H]1C(=O)N[C@@H](Cc2ccccc2)C(=O)N(C)[C@@H](C)C(=O)N(C)[C@H](CC(C)C)C(=O)N[C@H](CC(C)C)C(=O)N2CCC[C@@H]2C(=O)N1C,6,Circle,-4.86,,,,2.8425,train,train,train,test,train,train,train,train,train,test,0.57,1,1.0,139.44,"[20.31, 20.31, 29.1, 20.31, 20.31, 29.1]",139.44,True,0.175978264,-0.933071915,0.5479159,-0.92025673
7213,2021_Wang,2021,CDP 21,7213,CC(C)C[C@@H]1NC(=O)[C@@H]2CCCN2C(=O)[C@H]2CCCN2C(=O)[C@H](CC(C)C)NC(=O)[C@H](C)N(C)C(=O)[C@H](CC(C)C)NC(=O)[C@@H]2CCCN2C(=O)[C@H]2CCCN2C(=O)[C@H](CC(C)C)NC(=O)[C@H](C)N(C)C1=O,10,Circle,-6.6,,,,1.7814,train,valid,train,test,train,train,valid,train,train,valid,-0.3,0,0.0,238.26,"[29.1, 20.31, 29.1, 20.31, 20.31, 29.1, 20.31, 29.1, 20.31, 20.31]",238.26,True,-0.039734339,-0.180644916,0.20463371,-0.21787918
1053,2015_Wang,2015,Compound.9,1053,CC(C)C[C@@H]1NC(=O)[C@H](Cc2ccc(O)cc2)NC(=O)[C@H]2CCCN2C(=O)[C@H](CC(C)C)NC(=O)[C@H](CC(C)C)N(C)C(=O)[C@@H](CC(C)C)N(C)C1=O,6,Circle,-6.02,-4.97,,,3.2321,valid,train,test,test,train,valid,test,train,train,test,-0.01,0,0.495,168.46,"[29.1, 20.31, 20.31, 29.1, 20.31, 49.33]",168.46,True,0.25518063,-0.712110252,0.10550059,-0.74490684
5747,2021_Kelly,2021,L1_1.4.2.1.3.1,5747,CC(=O)N1CCC[C@H]1C(=O)N(C)[C@@H](CC(C)C)C(=O)N[C@@H]1C(=O)N(C)[C@H](CC(C)C)C(=O)N[C@H](CC(C)C)C(=O)N[C@@H](CC(C)C)C(=O)N(C)[C@@H](C)C(=O)N[C@@H](CC(C)C)C(=O)N2CCC[C@H]2C(=O)O[C@@H]1C,10,Lariat,-6.45,,,,2.6042,train,train,train,test,test,train,train,train,train,train,-0.225,0,0.3875,244.25,"[17.07, 20.31, 20.31, 38.33, 20.31, 29.1, 29.1, 20.31, 29.1, 20.31]",244.25,True,0.127533901,-0.135036357,-0.14071259,-0.10166091
6552,2021_Kelly,2021,L1_6.1.2.4.4.1,6552,CC(=O)N1CCC[C@H]1C(=O)N(C)[C@H](CC(C)C)C(=O)N[C@@H]1C(=O)N[C@@H](CC(C)C)C(=O)N[C@H](CC(C)C)C(=O)N(C)[C@H](CC(C)C)C(=O)N(C)[C@H](C)C(=O)N[C@@H](CC(C)C)C(=O)N2CCC[C@@H]2C(=O)O[C@@H]1C,10,Lariat,-6.61,,,,2.6042,train,train,train,test,test,train,train,train,train,train,-0.305,0,0.0,244.25,"[17.07, 20.31, 20.31, 38.33, 29.1, 29.1, 20.31, 20.31, 29.1, 20.31]",244.25,True,0.127533901,-0.135036357,0.13857847,-0.06955978
7413,2022_Taechalertpaisarn,2022,ID.3-Pye2(Cha3Abu5),7413,CC[C@@H]1NC(=O)[C@@H](CC(C)C)NC(=O)[C@H](CC2CCCCC2)NC(=O)[C@@H](CCC(=O)N2CCCC2)NC(=O)[C@H]2CCCN2C(=O)[C@H](CC(C)C)NC1=O,6,Circle,-5.69,,,,2.2902,valid,train,train,test,train,train,train,train,train,train,0.155,1,0.5775,186.12,"[20.31, 49.41, 29.1, 29.1, 29.1, 29.1]",186.12,True,0.063700373,-0.577644954,0.24082483,-0.6299436
4262,2020_Townsend,2020,hepta_685,4262,CC(C)C[C@@H]1C(=O)N(Cc2ccccc2)CC(=O)N2CCC[C@@H]2C(=O)N(C)[C@H](CC(C)C)C(=O)N[C@@H](Cc2ccccc2)C(=O)N2CCC[C@@H]2C(=O)N(C)[C@@H](C)C(=O)N1C,7,Circle,-5.4,,,,3.3314,test,train,valid,test,test,valid,test,train,train,test,0.3,1,1.0,150.96,"[20.31, 20.31, 20.31, 20.31, 20.31, 20.31, 29.1]",150.96,True,0.275367475,-0.845357292,0.110562354,-0.8245536
5139,2020_Townsend,2020,hepta_1562,5139,CCCN1CC(=O)N[C@H](CC(C)C)C(=O)N[C@@H](Cc2ccccc2)CC(=O)N2CCC[C@@H]2C(=O)N[C@@H](CC(C)C)C(=O)N[C@@H](Cc2ccccc2)C(=O)N2CCC[C@@H]2C1=O,7,Circle,-6.59,,,,3.1275,test,train,train,test,test,train,train,train,train,train,-0.295,0,0.0,177.33,"[20.31, 20.31, 29.1, 29.1, 20.31, 29.1, 29.1]",177.33,True,0.233916339,-0.644573038,-0.063136116,-0.63840055
1664,2016_Furukawa,2016,2.4-05H,1664,CCCCCN1CC(=O)N[C@@H](CC(C)C)C(=O)N[C@@H](CCCC)C(=O)N2CCC[C@@H]2C(=O)N(CC)CC(=O)N[C@H](Cc2ccccc2)C1=O,6,Circle,-5.41,,,,2.7917,test,train,train,test,train,valid,train,train,train,train,0.295,1,1.0,148.23,"[29.1, 20.31, 29.1, 29.1, 20.31, 20.31]",148.23,True,0.165651056,-0.866143831,0.3238448,-0.88180566
4619,2020_Townsend,2020,hepta_1042,4619,CC(C)C[C@@H]1NC(=O)[C@H]2CCCN2C(=O)C[C@H](Cc2ccccc2)NC(=O)[C@H](CC(C)C)N(C)C(=O)[C@H](C)NC(=O)[C@@H]2CCCN2C(=O)[C@H](Cc2ccccc2)NC1=O,7,Circle,-10.0,,,,2.7358,train,train,train,test,train,train,train,test,train,train,-1.0,0,0.0,177.33,"[20.31, 29.1, 20.31, 29.1, 20.31, 29.1, 29.1]",177.33,True,0.154287062,-0.644573038,-0.6584021,-0.5875647
5594,2020_Townsend,2020,hepta_2017,5594,CC(C)C[C@H]1C(=O)N[C@@H](Cc2ccccc2)C(=O)N2CCC[C@H]2C(=O)N(C)[C@@H](C)C(=O)N(C)[C@H](CC(C)C)C(=O)N[C@@H](Cc2ccccc2)CC(=O)N2CCC[C@@H]2C(=O)N1C,7,Circle,-10.0,,,,3.4202,train,train,train,test,train,train,train,train,train,train,-1.0,0,0.0,159.75,"[20.31, 20.31, 20.31, 29.1, 20.31, 20.31, 29.1]",159.75,True,0.293419759,-0.778429208,-0.1528763,-0.7029047
5835,2021_Kelly,2021,L1_10.4.3.1.1.2,5835,CC(=O)N1CCC[C@H]1C(=O)N(C)[C@@H](CC(C)C)C(=O)N[C@@H]1C(=O)N(C)[C@H](CC(C)C)C(=O)N(C)[C@@H](CC(C)C)C(=O)N[C@@H](CC(C)C)C(=O)N[C@@H](C)C(=O)N[C@H](CC(C)C)C(=O)N2CCC[C@@H]2C(=O)O[C@@H]1C,10,Lariat,-5.99,,,,2.6042,test,train,valid,test,train,train,test,train,train,test,0.005,1,0.5025,244.25,"[17.07, 20.31, 20.31, 38.33, 20.31, 20.31, 29.1, 29.1, 29.1, 20.31]",244.25,True,0.127533901,-0.135036357,-0.38107067,-0.106627956
5225,2020_Townsend,2020,hepta_1648,5225,CC(C)C[C@H]1NC(=O)[C@@H]2CCCN2C(=O)CN(Cc2ccccc2)C(=O)[C@@H](CC(C)C)N(C)C(=O)C[C@H](Cc2ccccc2)NC(=O)[C@@H]2CCCN2C(=O)[C@H](Cc2ccccc2)NC1=O,7,Circle,-6.18,,,,4.2599,train,train,train,test,train,train,test,train,train,test,-0.09,0,0.455,168.54,"[20.31, 29.1, 20.31, 20.31, 20.31, 29.1, 29.1]",168.54,True,0.464123626,-0.711501123,0.09103601,-0.7541021
4703,2020_Townsend,2020,hepta_1126,4703,CC(C)C[C@H]1C(=O)N2CCC[C@H]2C(=O)N(C)[C@H](CC(C)C)C(=O)N[C@@H](Cc2ccccc2)C(=O)N2CCC[C@H]2C(=O)N(C)[C@@H](C)C(=O)N(Cc2ccccc2)CC(=O)N1C,7,Circle,-5.74,,,,3.3314,train,train,valid,test,train,train,test,test,train,train,0.13,1,0.565,150.96,"[20.31, 20.31, 20.31, 20.31, 20.31, 20.31, 29.1]",150.96,True,0.275367475,-0.845357292,0.24285138,-0.8475075
6938,2021_Kelly,2021,L3_3.3.3.1.1,6938,CC(=O)N1CCC[C@H]1C(=O)N[C@@H]1C(=O)N[C@H](CC(C)C)C(=O)N(C)[C@@H](CC(C)C)C(=O)N(C)[C@@H](CC(C)C)C(=O)N(C)[C@@H](CC(C)C)C(=O)N[C@@H](C)C(=O)N[C@@H](CC(C)C)C(=O)N2CCC[C@@H]2C(=O)O[C@@H]1C,10,Lariat,-5.11,,,,2.6042,train,train,test,test,train,test,train,train,train,train,0.445,1,1.0,244.25,"[17.07, 20.31, 38.33, 29.1, 20.31, 20.31, 20.31, 29.1, 29.1, 20.31]",244.25,True,0.127533901,-0.135036357,0.3530804,-0.09203605
3824,2020_Townsend,2020,hepta_247,3824,CC(C)C[C@@H]1NC(=O)[C@H]2CCCN2C(=O)[C@@H](CC(C)C)N(C)C(=O)[C@@H](CC(C)C)NC(=O)[C@H](C)NC(=O)[C@H]2CCCN2C(=O)[C@H](Cc2ccccc2)NC1=O,7,Circle,-6.13,,,,2.1491,train,train,train,test,train,train,valid,train,train,train,-0.065,0,0.4675,177.33,"[20.31, 29.1, 29.1, 20.31, 20.31, 29.1, 29.1]",177.33,True,0.035015943,-0.644573038,-0.70957434,-0.5447209
5395,2020_Townsend,2020,hepta_1818,5395,CC(C)C[C@H]1C(=O)N(C)[C@@H](CC(C)C)C(=O)N2CCC[C@@H]2C(=O)N(C)[C@H](CC(C)C)C(=O)N[C@@H](Cc2ccccc2)C(=O)N2CCC[C@H]2C(=O)N[C@@H](Cc2ccccc2)CC(=O)N1C,7,Circle,-5.21,,,,4.4464,train,train,train,test,train,train,train,train,train,train,0.395,1,1.0,159.75,"[20.31, 29.1, 20.31, 20.31, 20.31, 20.31, 29.1]",159.75,True,0.502037489,-0.778429208,0.2762743,-0.85406387
4596,2020_Townsend,2020,hepta_1019,4596,CC(C)C[C@@H]1C(=O)N(C)[C@H](CC(C)C)C(=O)N2CCC[C@@H]2C(=O)N(C)[C@H](CC(C)C)C(=O)N[C@@H](Cc2ccccc2)C(=O)N2CCC[C@H]2C(=O)N[C@@H](C)C(=O)N1C,7,Circle,-10.0,,,,2.8335,train,train,train,test,train,train,train,train,train,valid,-1.0,0,0.0,159.75,"[20.31, 29.1, 20.31, 20.31, 20.31, 20.31, 29.1]",159.75,True,0.174148641,-0.778429208,0.15410766,-0.7260084
5794,2021_Kelly,2021,L1_10.2.3.4.1.2,5794,CC(=O)N1CCC[C@H]1C(=O)N(C)[C@@H](CC(C)C)C(=O)N[C@@H]1C(=O)N[C@H](CC(C)C)C(=O)N(C)[C@@H](CC(C)C)C(=O)N(C)[C@H](CC(C)C)C(=O)N[C@@H](C)C(=O)N[C@H](CC(C)C)C(=O)N2CCC[C@@H]2C(=O)O[C@@H]1C,10,Lariat,-6.25,,,,2.6042,train,train,train,test,test,test,train,train,train,train,-0.125,0,0.4375,244.25,"[17.07, 20.31, 20.31, 38.33, 29.1, 20.31, 20.31, 29.1, 29.1, 20.31]",244.25,True,0.127533901,-0.135036357,0.07953633,-0.08253865
6686,2021_Kelly,2021,L1_8.3.4.3.3.1,6686,CC(=O)N1CCC[C@@H]1C(=O)N(C)[C@H](CC(C)C)C(=O)N[C@@H]1C(=O)N(C)[C@@H](CC(C)C)C(=O)N(C)[C@H](CC(C)C)C(=O)N(C)[C@@H](CC(C)C)C(=O)N(C)[C@@H](C)C(=O)N[C@@H](CC(C)C)C(=O)N2CCC[C@@H]2C(=O)O[C@@H]1C,10,Lariat,-5.36,,,,3.2886,train,test,train,test,train,train,train,train,train,train,0.32,1,1.0,226.67,"[17.07, 20.31, 20.31, 38.33, 20.31, 20.31, 20.31, 20.31, 29.1, 20.31]",226.67,True,0.266666599,-0.268892527,0.23633058,-0.2531606
558,2013_CHUGAI,2013,DP-563,558,CC(C)C[C@H]1C(=O)NCC(=O)N[C@H](C(=O)N2CCCCC2)CC(=O)N[C@@H](c2ccccc2)C(=O)N[C@@H]([C@@H](C)O)C(=O)N(C)[C@@H](C)C(=O)N(C)[C@@H](Cc2ccccc2)C(=O)N(C)[C@@H](Cc2ccccc2)C(=O)N[C@@H](COC(C)(C)C)C(=O)N1C,10,Lariat,-4.46,,,,1.886,train,train,train,test,test,train,train,test,train,train,0.77,1,1.0,276.51,"[29.1, 38.33, 20.31, 20.31, 20.31, 38.33, 20.31, 29.1, 46.17, 3.24]",265.51,True,-0.018470049,0.110595043,0.5206154,0.048945665
6399,2021_Kelly,2021,L1_4.1.2.2.2.1,6399,CC(=O)N1CCC[C@@H]1C(=O)N(C)[C@@H](CC(C)C)C(=O)N[C@@H]1C(=O)N[C@@H](CC(C)C)C(=O)N[C@H](CC(C)C)C(=O)N[C@H](CC(C)C)C(=O)N[C@H](C)C(=O)N[C@@H](CC(C)C)C(=O)N2CCC[C@@H]2C(=O)O[C@@H]1C,10,Lariat,-6.36,,,,1.9198,train,train,train,test,train,train,train,train,train,train,-0.18,0,0.41,261.83,"[17.07, 20.31, 20.31, 38.33, 29.1, 29.1, 29.1, 29.1, 29.1, 20.31]",261.83,True,-0.011598796,-0.001180188,-0.38518107,-0.037844732
3641,2020_Townsend,2020,hepta_64,3641,CCCN1CC(=O)N(Cc2ccccc2)CC(=O)N(Cc2ccccc2)CC(=O)N2CCC[C@H]2C(=O)N[C@@H](CC(C)C)C(=O)N[C@@H](Cc2ccccc2)C(=O)N2CCC[C@@H]2C1=O,7,Circle,-6.34,,,,3.5366,train,train,train,test,train,test,train,train,train,train,-0.17,0,0.415,159.75,"[20.31, 20.31, 20.31, 20.31, 20.31, 29.1, 29.1]",159.75,True,0.317082889,-0.778429208,-0.14355558,-0.833168
1205,2016_Furukawa,2016,1.2-32,1205,CCCC[C@@H]1NC(=O)[C@H](CC(C)C)N(C)C(=O)CN(CCCN2CCCC2=O)C(=O)[C@H](Cc2ccccc2)NC(=O)CN(CCC)C(=O)[C@H]2CCCN2C1=O,6,Circle,-6.24,,,,2.3463,train,train,test,test,valid,train,train,train,train,valid,-0.12,0,0.44,159.75,"[29.1, 40.62, 20.31, 29.1, 20.31, 20.31]",159.75,True,0.075105025,-0.778429208,-0.1547544,-0.8555465
6524,2021_Kelly,2021,L1_5.3.3.4.3.1,6524,CC(=O)N1CCC[C@H]1C(=O)N(C)[C@H](CC(C)C)C(=O)N[C@@H]1C(=O)N(C)[C@@H](CC(C)C)C(=O)N(C)[C@@H](CC(C)C)C(=O)N(C)[C@H](CC(C)C)C(=O)N(C)[C@@H](C)C(=O)N[C@@H](CC(C)C)C(=O)N2CCC[C@H]2C(=O)O[C@@H]1C,10,Lariat,-5.26,,,,3.2886,train,train,train,test,train,train,train,train,train,test,0.37,1,1.0,226.67,"[17.07, 20.31, 20.31, 38.33, 20.31, 20.31, 20.31, 20.31, 29.1, 20.31]",226.67,True,0.266666599,-0.268892527,0.14342166,-0.25221324
7038,2021_Kelly,2021,L4_3.1.2.4.1,7038,CC(=O)N[C@@H]1C(=O)N2CCC[C@H]2C(=O)N(C)[C@H](CC(C)C)C(=O)N(C)[C@@H](CC(C)C)C(=O)N[C@@H](CC(C)C)C(=O)N[C@H](CC(C)C)C(=O)N(C)[C@H](C)C(=O)N[C@@H](CC(C)C)C(=O)N2CCC[C@@H]2C(=O)O[C@@H]1C,10,Lariat,-5.88,,,,2.6042,train,valid,test,test,train,train,train,test,train,train,0.06,1,0.53,244.25,"[17.07, 38.33, 20.31, 20.31, 20.31, 29.1, 29.1, 20.31, 29.1, 20.31]",244.25,True,0.127533901,-0.135036357,0.14347652,-0.12658434
6165,2021_Kelly,2021,L1_15.3.1.1.3.2,6165,CC(=O)N1CCC[C@@H]1C(=O)N(C)[C@H](CC(C)C)C(=O)N[C@@H]1C(=O)N(C)[C@@H](CC(C)C)C(=O)N[C@@H](CC(C)C)C(=O)N[C@@H](CC(C)C)C(=O)N(C)[C@@H](C)C(=O)N[C@H](CC(C)C)C(=O)N2CCC[C@H]2C(=O)O[C@@H]1C,10,Lariat,-5.97,,,,2.6042,train,train,train,test,train,train,train,train,train,test,0.015,1,0.5075,244.25,"[17.07, 20.31, 20.31, 38.33, 20.31, 29.1, 29.1, 20.31, 29.1, 20.31]",244.25,True,0.127533901,-0.135036357,-0.29608092,-0.13078745
4142,2020_Townsend,2020,hepta_565,4142,CC(C)C[C@H]1NC(=O)[C@@H]2CCCN2C(=O)CN(Cc2ccccc2)C(=O)[C@@H](CC(C)C)N(C)C(=O)[C@@H](C)N(C)C(=O)[C@H]2CCCN2C(=O)[C@H](Cc2ccccc2)NC1=O,7,Circle,-6.22,,,,2.9892,train,train,valid,test,train,train,train,train,train,train,-0.11,0,0.445,159.75,"[20.31, 20.31, 20.31, 20.31, 20.31, 29.1, 29.1]",159.75,True,0.205801126,-0.778429208,-0.11951809,-0.7813952
2869,2020_Townsend,2020,hexa_355,2869,CC(C)C[C@@H]1NC(=O)[C@@H]2CCCN2C(=O)[C@@H](CC(C)C)N(C)C(=O)[C@@H](CC(C)C)N(C)C(=O)[C@H](C)NC(=O)[C@H](Cc2ccccc2)NC1=O,6,Circle,-5.41,,,,2.5003,train,train,train,test,train,train,test,train,train,train,0.295,1,1.0,148.23,"[29.1, 20.31, 20.31, 20.31, 29.1, 29.1]",148.23,True,0.106411915,-0.866143831,0.10151139,-0.88837796
4330,2020_Townsend,2020,hepta_753,4330,CC(C)C[C@@H]1NC(=O)[C@@H](C)N(C)C(=O)[C@H]2CCCN2C(=O)[C@H](Cc2ccccc2)NC(=O)CN(Cc2ccccc2)C(=O)[C@H]2CCCN2C(=O)[C@H](CC(C)C)NC1=O,7,Circle,-6.3,,,,2.647,train,test,valid,test,train,test,train,train,train,valid,-0.15,0,0.425,168.54,"[20.31, 20.31, 29.1, 29.1, 20.31, 20.31, 29.1]",168.54,True,0.136234777,-0.711501123,0.016456962,-0.7370609
159,2013_CHUGAI,2013,DP-148,159,CC(C)C[C@H]1C(=O)N[C@@H](COC(C)(C)C)C(=O)N[C@H](C(=O)N2CCCCC2)CC(=O)N[C@H](C)C(=O)N(C)[C@@H](C)C(=O)N(C)[C@@H](Cc2ccccc2)C(=O)N(C)[C@@H](CC(C)C)C(=O)N[C@@H]([C@@H](C)O)C(=O)N(C)[C@@H](C)C(=O)N1C,10,Lariat,-4.51,,,,1.0673,train,train,train,test,train,train,test,train,train,train,0.745,1,1.0,267.72,"[29.1, 20.31, 20.31, 20.31, 38.33, 20.31, 20.31, 38.33, 46.17, 3.24]",256.72,True,-0.184904794,0.043666959,0.66569597,0.0548618
3954,2020_Townsend,2020,hepta_377,3954,CC(C)C[C@@H]1NC(=O)CN(Cc2ccccc2)C(=O)[C@@H](C)NC(=O)[C@H]2CCCN2C(=O)[C@H](Cc2ccccc2)NC(=O)[C@H](CC(C)C)N(C)C(=O)[C@H]2CCCN2C1=O,7,Circle,-5.53,,,,2.647,train,train,train,test,train,train,test,test,train,train,0.235,1,0.6175,168.54,"[20.31, 29.1, 20.31, 29.1, 20.31, 20.31, 29.1]",168.54,True,0.136234777,-0.711501123,0.10431303,-0.6824023
6472,2021_Kelly,2021,L1_4.4.4.3.3.1,6472,CC(=O)N1CCC[C@@H]1C(=O)N(C)[C@@H](CC(C)C)C(=O)N[C@@H]1C(=O)N(C)[C@H](CC(C)C)C(=O)N(C)[C@H](CC(C)C)C(=O)N(C)[C@@H](CC(C)C)C(=O)N(C)[C@@H](C)C(=O)N[C@@H](CC(C)C)C(=O)N2CCC[C@@H]2C(=O)O[C@@H]1C,10,Lariat,-5.42,,,,3.2886,train,train,train,test,test,train,test,train,train,train,0.29,1,1.0,226.67,"[17.07, 20.31, 20.31, 38.33, 20.31, 20.31, 20.31, 20.31, 29.1, 20.31]",226.67,True,0.266666599,-0.268892527,0.313309,-0.2644202
4060,2020_Townsend,2020,hepta_483,4060,CC(C)C[C@H]1NC(=O)[C@H](C)N(C)C(=O)[C@H]2CCCN2C(=O)[C@H](Cc2ccccc2)NC(=O)[C@@H](CC(C)C)N(C)C(=O)[C@@H]2CCCN2C(=O)C[C@H](Cc2ccccc2)NC1=O,7,Circle,-5.95,,,,3.078,train,train,train,test,train,train,train,train,train,train,0.025,1,0.5125,168.54,"[20.31, 20.31, 29.1, 29.1, 20.31, 20.31, 29.1]",168.54,True,0.223853411,-0.711501123,0.11941652,-0.72761166
5562,2020_Townsend,2020,hepta_1985,5562,CC(C)C[C@@H]1NC(=O)[C@H](C)N(C)C(=O)[C@@H]2CCCN2C(=O)[C@H](Cc2ccccc2)NC(=O)[C@@H](CC(C)C)NC(=O)[C@H]2CCCN2C(=O)CN(Cc2ccccc2)C1=O,7,Circle,-5.77,,,,2.647,train,train,train,test,train,train,train,train,train,train,0.115,1,0.5575,168.54,"[20.31, 20.31, 29.1, 20.31, 20.31, 29.1, 29.1]",168.54,True,0.136234777,-0.711501123,-0.30920947,-0.76517665
2925,2020_Townsend,2020,hexa_411,2925,CC(C)C[C@H]1C(=O)N[C@@H](Cc2ccccc2)CC(=O)N2CCC[C@H]2C(=O)N(C)[C@H](CC(C)C)C(=O)N[C@@H](Cc2ccccc2)C(=O)N[C@@H](C)C(=O)N1C,6,Circle,-6.02,,,,3.087,train,valid,train,test,train,train,train,test,train,train,-0.01,0,0.495,148.23,"[29.1, 20.31, 29.1, 20.31, 20.31, 29.1]",148.23,True,0.225683034,-0.866143831,0.30498487,-0.8596159
1046,2015_Wang,2015,Compound.2,1046,CC(C)C[C@@H]1NC(=O)[C@H](Cc2ccc(O)cc2)NC(=O)[C@@H]2CCCN2C(=O)[C@H]2CCCN2C(=O)[C@@H](CC(C)C)NC(=O)[C@H](CC(C)C)NC1=O,6,Circle,-7.05,-7.0,,,2.0078,train,train,train,test,valid,train,train,train,train,train,-0.525,0,0.0,177.25,"[29.1, 29.1, 29.1, 20.31, 20.31, 49.33]",177.25,True,0.006290855,-0.645182168,-0.5769443,-0.54694706
5901,2021_Kelly,2021,L1_11.3.1.4.3.2,5901,CC(=O)N1CCC[C@@H]1C(=O)N(C)[C@@H](CC(C)C)C(=O)N[C@@H]1C(=O)N(C)[C@@H](CC(C)C)C(=O)N[C@@H](CC(C)C)C(=O)N(C)[C@H](CC(C)C)C(=O)N(C)[C@@H](C)C(=O)N[C@H](CC(C)C)C(=O)N2CCC[C@H]2C(=O)O[C@@H]1C,10,Lariat,-6.11,,,,2.9464,train,train,valid,test,valid,train,train,test,train,train,-0.055,0,0.4725,235.46,"[17.07, 20.31, 20.31, 38.33, 20.31, 29.1, 20.31, 20.31, 29.1, 20.31]",235.46,True,0.19710025,-0.201964442,0.012312718,-0.18852152
1133,2016_Frost,2016,Compound.32,1133,CC(C)C[C@@H]1NC(=O)[C@H](CC(C)C)NC(=O)[C@H](Cc2ccccc2)NC(=O)[C@@H]2CCCN2C(=O)[C@H](C)NC(=O)[C@H](Cc2ccccc2)NC1=O,6,Circle,-4.94,,,,2.0125,train,valid,train,test,train,train,valid,train,train,train,0.53,1,1.0,165.81,"[20.31, 29.1, 29.1, 29.1, 29.1, 29.1]",165.81,True,0.007246325,-0.732287661,-0.079194754,-0.7961329
1164,2016_Furukawa,2016,1.1-31,1164,CCCC[C@@H]1NC(=O)[C@H](CC(C)C)N(C)C(=O)CN(CCCc2cnn(C)c2)C(=O)[C@H](Cc2ccccc2)NC(=O)CN(CC)C(=O)[C@H]2CCCN2C1=O,6,Circle,-5.7,,,,2.31,train,train,train,test,test,train,train,train,train,train,0.15,1,0.575,157.26,"[29.1, 38.13, 20.31, 29.1, 20.31, 20.31]",157.26,True,0.067725544,-0.797388358,0.07047615,-0.8644102
1485,2016_Furukawa,2016,1.9-32,1485,CCCC[C@@H]1NC(=O)[C@H](CC(C)C)N(C)C(=O)CN(CCCN2CCCC2=O)C(=O)[C@H](Cc2ccccc2)NC(=O)CN(Cc2cc(CC(C)C)on2)C(=O)[C@H]2CCCN2C1=O,6,Circle,-5.71,,,,3.323,test,train,valid,test,train,train,train,train,train,test,0.145,1,0.5725,185.78,"[29.1, 40.62, 20.31, 29.1, 20.31, 46.34]",185.78,True,0.273659826,-0.580233753,0.22583027,-0.6305415
4881,2020_Townsend,2020,hepta_1304,4881,CC(C)C[C@H]1C(=O)N[C@@H](Cc2ccccc2)C(=O)N2CCC[C@H]2C(=O)N(C)[C@H](C)C(=O)N(C)[C@H](CC(C)C)C(=O)N(Cc2ccccc2)CC(=O)N2CCC[C@@H]2C(=O)N1C,7,Circle,-5.25,,,,3.3314,train,train,train,test,train,train,valid,valid,train,train,0.375,1,1.0,150.96,"[20.31, 20.31, 20.31, 20.31, 20.31, 20.31, 29.1]",150.96,True,0.275367475,-0.845357292,0.13072725,-0.7953732
1338,2016_Furukawa,2016,1.6-05,1338,CCCC[C@@H]1NC(=O)[C@H](CC(C)C)N(C)C(=O)CN(CC2CCOCC2)C(=O)[C@H](C)NC(=O)CN(Cc2ccc(Cl)cc2)C(=O)[C@H]2CCCN2C1=O,6,Circle,-5.39,,,,2.9812,train,train,train,test,train,train,train,train,train,train,0.305,1,1.0,148.67,"[29.1, 29.54, 20.31, 29.1, 20.31, 20.31]",148.67,True,0.204174794,-0.862793619,0.33414954,-0.8283131
2633,2020_Townsend,2020,hexa_119,2633,CC(C)C[C@@H]1NC(=O)C[C@H](Cc2ccccc2)NC(=O)[C@H](Cc2ccccc2)NC(=O)[C@H](CC(C)C)N(C)C(=O)[C@@H]2CCCN2C(=O)[C@@H](CC(C)C)N(C)C1=O,6,Circle,-5.22,,,,4.1132,valid,train,train,test,train,test,train,train,train,train,0.39,1,1.0,148.23,"[29.1, 29.1, 20.31, 20.31, 20.31, 29.1]",148.23,True,0.434300764,-0.866143831,0.3534627,-0.85992956
1448,2016_Furukawa,2016,1.8-35,1448,CCCC[C@@H]1NC(=O)[C@H](CC(C)C)N(C)C(=O)CN(CC2CCOCC2)C(=O)[C@H](Cc2ccc3ccccc3c2)NC(=O)CN(Cc2ccc3c(c2)OCO3)C(=O)[C@H]2CCCN2C1=O,6,Circle,-7.16,,,,4.4325,test,valid,valid,test,train,train,train,train,train,train,-0.58,0,0.0,167.13,"[29.1, 29.54, 20.31, 29.1, 20.31, 38.77]",167.13,True,0.499211737,-0.722237027,-0.39529443,-0.7261206
4173,2020_Townsend,2020,hepta_596,4173,CC(C)C[C@H]1NC(=O)[C@@H](C)N(C)C(=O)[C@H]2CCCN2C(=O)[C@H](Cc2ccccc2)NC(=O)CN(Cc2ccccc2)C(=O)[C@@H]2CCCN2C(=O)C[C@H](Cc2ccccc2)NC1=O,7,Circle,-6.23,,,,3.2337,train,train,train,test,valid,train,train,train,train,train,-0.115,0,0.4425,168.54,"[20.31, 20.31, 29.1, 29.1, 20.31, 20.31, 29.1]",168.54,True,0.255505896,-0.711501123,-0.10236168,-0.6909015
3160,2020_Townsend,2020,hexa_646,3160,CC(C)C[C@@H]1NC(=O)[C@H](CC(C)C)N(C)C(=O)[C@@H](C)NC(=O)[C@H](Cc2ccccc2)NC(=O)[C@@H](CC(C)C)N(C)C(=O)[C@H]2CCCN2C1=O,6,Circle,-4.88,,,,2.5003,train,train,train,test,train,train,train,train,train,train,0.56,1,1.0,148.23,"[29.1, 20.31, 29.1, 20.31, 20.31, 29.1]",148.23,True,0.106411915,-0.866143831,0.3844406,-0.8604078
1161,2016_Furukawa,2016,1.1-28,1161,CCCC[C@@H]1NC(=O)[C@H](CC(C)C)N(C)C(=O)CN(CCCc2ccccc2)C(=O)[C@H](Cc2ccccc2)NC(=O)CN(CC)C(=O)[C@H]2CCCN2C1=O,6,Circle,-5.38,,,,3.5765,train,train,test,test,train,train,train,train,train,valid,0.31,1,1.0,139.44,"[29.1, 20.31, 20.31, 29.1, 20.31, 20.31]",139.44,True,0.32519422,-0.933071915,0.15336536,-0.96188974
4217,2020_Townsend,2020,hepta_640,4217,CC(C)C[C@H]1C(=O)N[C@H](CC(C)C)C(=O)N2CCC[C@@H]2C(=O)N(C)[C@@H](CC(C)C)C(=O)N[C@@H](Cc2ccccc2)C(=O)N2CCC[C@@H]2C(=O)N(C)[C@@H](C)C(=O)N1C,7,Circle,-5.3,,,,2.8335,test,train,train,test,train,train,train,train,train,train,0.35,1,1.0,159.75,"[20.31, 20.31, 20.31, 29.1, 20.31, 20.31, 29.1]",159.75,True,0.174148641,-0.778429208,0.29320398,-0.8423942
5729,2021_Kelly,2021,L1_1.3.1.4.1.1,5729,CC(=O)N1CCC[C@H]1C(=O)N(C)[C@@H](CC(C)C)C(=O)N[C@@H]1C(=O)N(C)[C@@H](CC(C)C)C(=O)N[C@@H](CC(C)C)C(=O)N(C)[C@H](CC(C)C)C(=O)N[C@@H](C)C(=O)N[C@@H](CC(C)C)C(=O)N2CCC[C@H]2C(=O)O[C@@H]1C,10,Lariat,-5.39,,,,2.6042,train,train,test,test,train,valid,train,train,train,valid,0.305,1,1.0,244.25,"[17.07, 20.31, 20.31, 38.33, 20.31, 29.1, 20.31, 29.1, 29.1, 20.31]",244.25,True,0.127533901,-0.135036357,-0.22554585,-0.12334232
1711,2016_Furukawa,2016,2.5-16H,1711,CCCCCN1CC(=O)N[C@H](CC(C)C)C(=O)N[C@@H](CCCC)C(=O)N2CCC[C@H]2C(=O)N(Cc2ccc3c(c2)OCO3)CC(=O)N[C@@H](Cc2ccccc2)C1=O,6,Circle,-5.26,,,,3.7007,valid,test,train,test,train,valid,train,train,train,train,0.37,1,1.0,166.69,"[29.1, 20.31, 29.1, 29.1, 20.31, 38.77]",166.69,True,0.350443023,-0.725587239,0.33463898,-0.8330565
5169,2020_Townsend,2020,hepta_1592,5169,CCCN1CC(=O)N(C)[C@H](CC(C)C)C(=O)N[C@@H](Cc2ccccc2)CC(=O)N2CCC[C@@H]2C(=O)N(C)[C@@H](CC(C)C)C(=O)N[C@@H](Cc2ccccc2)C(=O)N2CCC[C@@H]2C1=O,7,Circle,-5.17,,,,3.8119,train,train,test,test,train,valid,train,train,train,train,0.415,1,1.0,159.75,"[20.31, 20.31, 20.31, 29.1, 20.31, 20.31, 29.1]",159.75,True,0.373049037,-0.778429208,0.11435123,-0.7624014
4730,2020_Townsend,2020,hepta_1153,4730,CC(C)C[C@@H]1NC(=O)[C@@H](C)N(C)C(=O)[C@@H]2CCCN2C(=O)[C@H](Cc2ccccc2)NC(=O)[C@@H](CC(C)C)NC(=O)[C@@H]2CCCN2C(=O)[C@@H](CC(C)C)N(C)C1=O,7,Circle,-6.07,,,,2.4913,train,train,valid,test,train,test,train,train,train,train,-0.035,0,0.4825,168.54,"[20.31, 20.31, 29.1, 20.31, 20.31, 29.1, 29.1]",168.54,True,0.104582292,-0.711501123,0.2013767,-0.71612287
4618,2020_Townsend,2020,hepta_1041,4618,CC(C)C[C@H]1C(=O)N[C@@H](Cc2ccccc2)C(=O)N2CCC[C@H]2C(=O)N[C@@H](C)C(=O)N(C)[C@H](CC(C)C)C(=O)N(Cc2ccccc2)CC(=O)N2CCC[C@@H]2C(=O)N1C,7,Circle,-10.0,,,,2.9892,valid,train,train,test,valid,train,train,train,train,train,-1.0,0,0.0,159.75,"[20.31, 29.1, 20.31, 20.31, 20.31, 20.31, 29.1]",159.75,True,0.205801126,-0.778429208,0.17199779,-0.73448205
2798,2020_Townsend,2020,hexa_284,2798,CCCN1CC(=O)N(C)[C@@H](CC(C)C)C(=O)N(C)[C@H](CC(C)C)C(=O)N2CCC[C@H]2C(=O)N[C@@H](CC(C)C)C(=O)N[C@@H](Cc2ccccc2)C1=O,6,Circle,-4.71,,,,3.2342,train,test,valid,test,test,train,train,train,train,train,0.645,1,1.0,139.44,"[20.31, 20.31, 20.31, 20.31, 29.1, 29.1]",139.44,True,0.255607542,-0.933071915,0.40742135,-0.9394852
6126,2021_Kelly,2021,L1_15.2.1.2.4.2,6126,CC(=O)N1CCC[C@@H]1C(=O)N(C)[C@H](CC(C)C)C(=O)N[C@@H]1C(=O)N[C@H](CC(C)C)C(=O)N[C@@H](CC(C)C)C(=O)N[C@H](CC(C)C)C(=O)N(C)[C@H](C)C(=O)N[C@H](CC(C)C)C(=O)N2CCC[C@H]2C(=O)O[C@@H]1C,10,Lariat,-6.37,,,,2.262,train,test,train,test,train,train,train,train,train,train,-0.185,0,0.4075,253.04,"[17.07, 20.31, 20.31, 38.33, 29.1, 29.1, 29.1, 20.31, 29.1, 20.31]",253.04,True,0.057967553,-0.068108273,-0.1537436,-0.046437353
6860,2021_Kelly,2021,L3_1.1.2.3.1,6860,CC(=O)N1CCC[C@H]1C(=O)N[C@@H]1C(=O)N[C@H](CC(C)C)C(=O)N[C@@H](CC(C)C)C(=O)N[C@@H](CC(C)C)C(=O)N[C@H](CC(C)C)C(=O)N(C)[C@@H](C)C(=O)N[C@@H](CC(C)C)C(=O)N2CCC[C@@H]2C(=O)O[C@@H]1C,10,Lariat,-4.89,,,,1.9198,train,train,train,test,train,train,train,train,train,train,0.555,1,1.0,261.83,"[17.07, 20.31, 38.33, 29.1, 29.1, 29.1, 29.1, 20.31, 29.1, 20.31]",261.83,True,-0.011598796,-0.001180188,0.19194187,-0.00337255
5165,2020_Townsend,2020,hepta_1588,5165,CCCN1CC(=O)N(C)[C@@H](CC(C)C)C(=O)N(Cc2ccccc2)CC(=O)N2CCC[C@@H]2C(=O)N(C)[C@@H](CC(C)C)C(=O)N[C@@H](Cc2ccccc2)C(=O)N2CCC[C@@H]2C1=O,7,Circle,-5.17,,,,3.7231,train,valid,test,test,train,test,train,valid,train,test,0.415,1,1.0,150.96,"[20.31, 20.31, 20.31, 20.31, 20.31, 20.31, 29.1]",150.96,True,0.354996752,-0.845357292,0.21644863,-0.8517842
3144,2020_Townsend,2020,hexa_630,3144,CC(C)C[C@H]1NC(=O)[C@@H](CC(C)C)N(C)C(=O)[C@@H](C)NC(=O)[C@H](Cc2ccccc2)NC(=O)[C@@H](CC(C)C)N(C)C(=O)[C@H]2CCCN2C1=O,6,Circle,-5.43,,,,2.5003,test,train,train,test,train,train,train,train,train,train,0.285,1,1.0,148.23,"[29.1, 20.31, 29.1, 20.31, 20.31, 29.1]",148.23,True,0.106411915,-0.866143831,0.13245201,-0.89077854
5568,2020_Townsend,2020,hepta_1991,5568,CC(C)C[C@H]1NC(=O)[C@H]2CCCN2C(=O)[C@@H](CC(C)C)N(C)C(=O)CN(Cc2ccccc2)C(=O)[C@H](C)N(C)C(=O)[C@@H]2CCCN2C(=O)[C@H](Cc2ccccc2)NC1=O,7,Circle,-10.0,,,,2.9892,train,test,train,test,train,valid,train,train,train,train,-1.0,0,0.0,159.75,"[20.31, 20.31, 20.31, 20.31, 20.31, 29.1, 29.1]",159.75,True,0.205801126,-0.778429208,-0.020723056,-0.780895
7171,2021_Kelly,2021,L5_84,7171,CCC[C@H]1NC(=O)[C@@H](NC(=O)[C@@H](CC(C)C)N(C)C(=O)[C@@H]2CCCN2C(C)=O)[C@@H](C)OC(=O)[C@@H]2CCCN2C(=O)[C@H](CC(C)C)NC(=O)[C@@H](C)N(C)C(=O)[C@@H](Cc2cccc3ccccc23)NC(=O)[C@H](CC(C)C)NC1=O,10,Lariat,-5.14,,,,3.3658,train,train,train,test,train,train,train,train,train,train,0.43,1,1.0,253.04,"[17.07, 20.31, 20.31, 38.33, 29.1, 29.1, 29.1, 20.31, 29.1, 20.31]",253.04,True,0.282360702,-0.068108273,0.19428274,-0.28990304
2595,2020_Townsend,2020,hexa_81,2595,CC(C)C[C@@H]1NC(=O)C[C@H](Cc2ccccc2)NC(=O)[C@H](Cc2ccccc2)NC(=O)[C@@H](CC(C)C)NC(=O)[C@@H]2CCCN2C(=O)[C@@H](CC(C)C)NC1=O,6,Circle,-5.56,,,,3.4288,train,train,train,test,test,train,test,train,train,train,0.22,1,0.61,165.81,"[29.1, 29.1, 29.1, 20.31, 29.1, 29.1]",165.81,True,0.295168066,-0.732287661,0.19007173,-0.73941326
3406,2020_Townsend,2020,hexa_892,3406,CC(C)C[C@@H]1NC(=O)[C@@H]2CCCN2C(=O)C[C@H](Cc2ccccc2)NC(=O)CN(Cc2ccccc2)C(=O)[C@@H](C)N(C)C(=O)[C@H](Cc2ccccc2)NC1=O,6,Circle,-5.89,,,,3.2427,train,test,train,test,train,train,train,test,train,train,0.055,1,0.5275,148.23,"[20.31, 20.31, 29.1, 20.31, 29.1, 29.1]",148.23,True,0.257335519,-0.866143831,-0.06078739,-0.87948406
3505,2020_Townsend,2020,hexa_991,3505,CC(C)C[C@@H]1NC(=O)[C@@H](CC(C)C)N(C)C(=O)[C@@H](C)N(C)C(=O)[C@H](Cc2ccccc2)NC(=O)[C@@H](CC(C)C)NC(=O)[C@H]2CCCN2C1=O,6,Circle,-5.51,,,,2.5003,valid,train,train,test,test,valid,train,test,train,train,0.245,1,0.6225,148.23,"[20.31, 20.31, 29.1, 20.31, 29.1, 29.1]",148.23,True,0.106411915,-0.866143831,0.374484,-0.9496306
2664,2020_Townsend,2020,hexa_150,2664,CC(C)C[C@@H]1NC(=O)C[C@H](Cc2ccccc2)NC(=O)[C@H](Cc2ccccc2)NC(=O)CN(Cc2ccccc2)C(=O)[C@@H]2CCCN2C(=O)[C@H](CC(C)C)N(C)C1=O,6,Circle,-5.39,,,,4.2689,train,train,train,test,train,train,train,train,train,train,0.305,1,1.0,148.23,"[29.1, 29.1, 20.31, 20.31, 20.31, 29.1]",148.23,True,0.465953249,-0.866143831,0.28053638,-0.8259907
5361,2020_Townsend,2020,hepta_1784,5361,CC(C)C[C@H]1C(=O)N2CCC[C@@H]2C(=O)N[C@H](CC(C)C)C(=O)N[C@@H](Cc2ccccc2)C(=O)N2CCC[C@H]2C(=O)N[C@@H](Cc2ccccc2)CC(=O)N[C@H](CC(C)C)C(=O)N1C,7,Circle,-5.58,,,,3.762,train,train,test,test,train,train,train,train,train,test,0.21,1,0.605,177.33,"[20.31, 29.1, 29.1, 20.31, 20.31, 29.1, 29.1]",177.33,True,0.362904791,-0.644573038,0.16332896,-0.6948633
4492,2020_Townsend,2020,hepta_915,4492,CC(C)C[C@@H]1NC(=O)[C@@H](C)NC(=O)[C@@H]2CCCN2C(=O)[C@H](Cc2ccccc2)NC(=O)[C@@H](CC(C)C)N(C)C(=O)[C@@H]2CCCN2C(=O)[C@@H](CC(C)C)NC1=O,7,Circle,-6.08,,,,2.1491,train,train,train,test,train,train,train,train,train,train,-0.04,0,0.48,177.33,"[20.31, 29.1, 29.1, 29.1, 20.31, 20.31, 29.1]",177.33,True,0.035015943,-0.644573038,-0.038855545,-0.66178757
5120,2020_Townsend,2020,hepta_1543,5120,CCCN1CC(=O)N[C@@H](CC(C)C)C(=O)N[C@H](CC(C)C)C(=O)N2CCC[C@@H]2C(=O)N(Cc2ccccc2)CC(=O)N[C@@H](Cc2ccccc2)C(=O)N2CCC[C@@H]2C1=O,7,Circle,-5.55,,,,3.0387,train,train,train,test,valid,train,train,test,train,train,0.225,1,0.6125,168.54,"[20.31, 20.31, 29.1, 29.1, 20.31, 20.31, 29.1]",168.54,True,0.215864055,-0.711501123,0.14869252,-0.7110636
4250,2020_Townsend,2020,hepta_673,4250,CC(C)C[C@H]1C(=O)N[C@@H](Cc2ccccc2)C(=O)N2CCC[C@@H]2C(=O)N(C)[C@@H](C)C(=O)N(Cc2ccccc2)CC(=O)N[C@H](CC(C)C)C(=O)N2CCC[C@@H]2C(=O)N1C,7,Circle,-5.26,,,,2.9892,train,train,train,test,train,train,train,train,train,train,0.37,1,1.0,159.75,"[20.31, 20.31, 20.31, 29.1, 20.31, 20.31, 29.1]",159.75,True,0.205801126,-0.778429208,0.18949758,-0.8065486
2551,2020_Townsend,2020,hexa_37,2551,CC(C)C[C@@H]1NC(=O)C[C@H](Cc2ccccc2)NC(=O)[C@H](Cc2ccccc2)NC(=O)[C@@H](CC(C)C)N(C)C(=O)[C@H]2CCCN2C(=O)[C@H](CC(C)C)N(C)C1=O,6,Circle,-5.21,,,,4.1132,valid,train,train,test,train,train,train,train,train,train,0.395,1,1.0,148.23,"[29.1, 29.1, 20.31, 20.31, 20.31, 29.1]",148.23,True,0.434300764,-0.866143831,0.42475033,-0.83334446
1405,2016_Furukawa,2016,1.7-32,1405,CCCC[C@@H]1NC(=O)[C@H](CC(C)C)N(C)C(=O)CN(CCCN2CCCC2=O)C(=O)[C@H](Cc2ccccc2)NC(=O)CN(CCCCc2ccccc2)C(=O)[C@H]2CCCN2C1=O,6,Circle,-6.12,,,,3.9592,train,train,train,test,train,train,train,train,train,train,-0.06,0,0.47,159.75,"[29.1, 40.62, 20.31, 29.1, 20.31, 20.31]",159.75,True,0.402993874,-0.778429208,-0.05350152,-0.79354334
7227,2022_Bhardwaj,2022,D7.1,7227,CC[C@H](C)[C@@H]1NC(=O)[C@H]2CCCN2C(=O)[C@@H]2CCCN2C(=O)[C@H](CC(C)C)NC(=O)[C@@H](C(C)C)NC(=O)[C@@H](CC(C)C)N(C)C(=O)[C@@H]2CCCN2C1=O,7,Circle,-5.53,,,,2.0487,train,train,train,test,train,train,train,train,train,valid,0.235,1,0.6175,168.54,"[20.31, 20.31, 29.1, 29.1, 20.31, 20.31, 29.1]",168.54,True,0.014605477,-0.711501123,0.14101404,-0.36465532
7315,2022_Bhardwaj,2022,D10.32,7315,CC(C)C[C@H]1C(=O)N[C@@H](C(C)C)C(=O)N2CCC[C@H]2C(=O)N(C)[C@H](C)C(=O)N[C@H](Cc2ccccc2)C(=O)N(C)[C@@H](CC(C)C)C(=O)N[C@H](CC(C)C)C(=O)N2CCC[C@@H]2C(=O)N2CCC[C@H]2C(=O)N[C@H](C)C(=O)N1C,10,Circle,-5.5,,,,2.47,train,train,train,test,train,train,train,train,train,train,0.25,1,0.625,238.26,"[20.31, 20.31, 29.1, 20.31, 29.1, 20.31, 20.31, 29.1, 20.31, 29.1]",238.26,True,0.100252183,-0.180644916,0.0752483,-0.5106609
3620,2020_Townsend,2020,hepta_43,3620,CCCN1CC(=O)N(C)[C@H](CC(C)C)C(=O)N(C)[C@@H](CC(C)C)C(=O)N2CCC[C@H]2C(=O)N(C)[C@@H](CC(C)C)C(=O)N[C@@H](Cc2ccccc2)C(=O)N2CCC[C@@H]2C1=O,7,Circle,-4.96,,,,3.5674,train,train,valid,test,train,train,test,train,train,train,0.52,1,1.0,150.96,"[20.31, 20.31, 20.31, 20.31, 20.31, 20.31, 29.1]",150.96,True,0.323344267,-0.845357292,0.42370996,-0.84056264
2570,2020_Townsend,2020,hexa_56,2570,CC(C)C[C@@H]1NC(=O)C[C@H](Cc2ccccc2)NC(=O)[C@H](Cc2ccccc2)NC(=O)[C@@H](CC(C)C)N(C)C(=O)[C@H]2CCCN2C(=O)CN(Cc2ccccc2)C1=O,6,Circle,-5.38,,,,4.2689,train,train,train,test,train,train,valid,train,train,train,0.31,1,1.0,148.23,"[29.1, 29.1, 20.31, 20.31, 20.31, 29.1]",148.23,True,0.465953249,-0.866143831,0.24457784,-0.879921
4523,2020_Townsend,2020,hepta_946,4523,CC(C)C[C@H]1NC(=O)[C@@H](C)NC(=O)[C@@H]2CCCN2C(=O)[C@H](Cc2ccccc2)NC(=O)[C@@H](CC(C)C)N(C)C(=O)[C@@H]2CCCN2C(=O)CN(Cc2ccccc2)C1=O,7,Circle,-6.6,,,,2.647,train,train,train,test,train,test,valid,train,train,train,-0.3,0,0.0,168.54,"[20.31, 29.1, 29.1, 20.31, 20.31, 20.31, 29.1]",168.54,True,0.136234777,-0.711501123,-0.22239695,-0.80278766
3777,2020_Townsend,2020,hepta_200,3777,CC(C)C[C@H]1NC(=O)[C@@H]2CCCN2C(=O)CN(Cc2ccccc2)C(=O)[C@@H](CC(C)C)N(C)C(=O)[C@@H](C)NC(=O)[C@H]2CCCN2C(=O)[C@H](Cc2ccccc2)NC1=O,7,Circle,-5.49,,,,2.647,train,train,train,test,train,train,train,train,train,train,0.255,1,1.0,168.54,"[20.31, 29.1, 20.31, 20.31, 20.31, 29.1, 29.1]",168.54,True,0.136234777,-0.711501123,-0.19721627,-0.7334776
3781,2020_Townsend,2020,hepta_204,3781,CC(C)C[C@@H]1NC(=O)[C@@H]2CCCN2C(=O)C[C@H](Cc2ccccc2)NC(=O)[C@@H](CC(C)C)NC(=O)[C@@H](C)NC(=O)[C@H]2CCCN2C(=O)[C@H](Cc2ccccc2)NC1=O,7,Circle,-6.99,,,,2.3936,train,train,train,test,train,train,train,test,train,train,-0.495,0,0.0,186.12,"[20.31, 29.1, 29.1, 29.1, 20.31, 29.1, 29.1]",186.12,True,0.084720713,-0.577644954,-0.6730054,-0.5950184
6699,2021_Kelly,2021,L1_9.1.2.2.4.2,6699,CC(=O)N1CCC[C@H]1C(=O)N(C)[C@@H](CC(C)C)C(=O)N[C@@H]1C(=O)N[C@@H](CC(C)C)C(=O)N[C@H](CC(C)C)C(=O)N[C@H](CC(C)C)C(=O)N(C)[C@H](C)C(=O)N[C@H](CC(C)C)C(=O)N2CCC[C@H]2C(=O)O[C@@H]1C,10,Lariat,-6.9,,,,2.262,train,train,train,test,test,train,train,train,train,train,-0.45,0,0.0,253.04,"[17.07, 20.31, 20.31, 38.33, 29.1, 29.1, 29.1, 20.31, 29.1, 20.31]",253.04,True,0.057967553,-0.068108273,-0.34596932,-0.010328412
1054,2015_Wang,2015,Compound.10,1054,CC(C)C[C@@H]1NC(=O)[C@@H](CC(C)C)N(C)C(=O)[C@H](CC(C)C)NC(=O)[C@H](Cc2ccc(O)cc2)N(C)C(=O)[C@H]2CCCN2C(=O)[C@H](CC(C)C)NC1=O,6,Circle,-5.82,-5.11,,,3.2321,train,test,train,test,train,test,train,train,train,train,0.09,1,0.545,168.46,"[29.1, 20.31, 29.1, 29.1, 20.31, 40.54]",168.46,True,0.25518063,-0.712110252,0.1929982,-0.78152585
5932,2021_Kelly,2021,L1_12.1.1.2.4.2,5932,CC(=O)N1CCC[C@@H]1C(=O)N(C)[C@@H](CC(C)C)C(=O)N[C@@H]1C(=O)N[C@@H](CC(C)C)C(=O)N[C@@H](CC(C)C)C(=O)N[C@H](CC(C)C)C(=O)N(C)[C@H](C)C(=O)N[C@H](CC(C)C)C(=O)N2CCC[C@@H]2C(=O)O[C@@H]1C,10,Lariat,-6.42,,,,2.262,train,train,test,test,train,train,train,train,train,train,-0.21,0,0.395,253.04,"[17.07, 20.31, 20.31, 38.33, 29.1, 29.1, 29.1, 20.31, 29.1, 20.31]",253.04,True,0.057967553,-0.068108273,-0.34795812,-0.014669821
2420,2020_Furukawa,2020,A_01,2420,CCCCCN1CC(=O)N[C@@H](CC(C)C)C(=O)N(C)[C@@H](C)C(=O)N[C@@H](C)C(=O)N2CCC[C@@H]2C(=O)N(CC)CC(=O)N[C@@H](CC(C)C)C(=O)N(C)[C@@H](C)C(=O)N[C@@H](CC(C)C)C(=O)N2CCC[C@@H]2C1=O,10,Circle,-5.55,,,,1.6405,train,train,test,test,test,train,train,train,train,train,0.225,1,0.6125,238.26,"[29.1, 20.31, 20.31, 29.1, 20.31, 29.1, 20.31, 20.31, 29.1, 20.31]",238.26,True,-0.06837811,-0.180644916,-0.100209914,-0.22225444
3907,2020_Townsend,2020,hepta_330,3907,CC(C)C[C@@H]1NC(=O)[C@H]2CCCN2C(=O)[C@H](CC(C)C)NC(=O)[C@@H](CC(C)C)N(C)C(=O)[C@@H](C)NC(=O)[C@H]2CCCN2C(=O)[C@H](Cc2ccccc2)NC1=O,7,Circle,-5.85,,,,2.1491,train,train,valid,test,valid,train,train,train,train,train,0.075,1,0.5375,177.33,"[20.31, 29.1, 20.31, 29.1, 20.31, 29.1, 29.1]",177.33,True,0.035015943,-0.644573038,-0.13074118,-0.6350769
3319,2020_Townsend,2020,hexa_805,3319,CC(C)C[C@H]1NC(=O)[C@@H]2CCCN2C(=O)[C@@H](CC(C)C)NC(=O)[C@@H](CC(C)C)NC(=O)[C@@H](C)N(C)C(=O)[C@H](Cc2ccccc2)NC1=O,6,Circle,-10.0,,,,2.1581,train,train,valid,test,train,train,train,train,train,train,-1.0,0,0.0,157.02,"[20.31, 29.1, 29.1, 20.31, 29.1, 29.1]",157.02,True,0.036845567,-0.799215746,0.106144875,-0.8104781
5174,2020_Townsend,2020,hepta_1597,5174,CCCN1CC(=O)N(C)[C@H](CC(C)C)C(=O)N[C@@H](Cc2ccccc2)CC(=O)N2CCC[C@@H]2C(=O)N(Cc2ccccc2)CC(=O)N[C@@H](Cc2ccccc2)C(=O)N2CCC[C@@H]2C1=O,7,Circle,-5.74,,,,3.9676,train,train,train,test,train,train,train,train,train,train,0.13,1,0.565,159.75,"[20.31, 20.31, 20.31, 29.1, 20.31, 20.31, 29.1]",159.75,True,0.404701522,-0.778429208,-0.1468891,-0.73017436
5441,2020_Townsend,2020,hepta_1864,5441,CC(C)C[C@H]1C(=O)N2CCC[C@H]2C(=O)N[C@H](CC(C)C)C(=O)N[C@@H](Cc2ccccc2)C(=O)N2CCC[C@H]2C(=O)N[C@@H](C)C(=O)N[C@H](CC(C)C)C(=O)N1C,7,Circle,-5.81,,,,2.1491,train,train,train,test,train,train,train,train,train,train,0.095,1,0.5475,177.33,"[20.31, 29.1, 29.1, 20.31, 20.31, 29.1, 29.1]",177.33,True,0.035015943,-0.644573038,-0.2017156,-0.6111841
3228,2020_Townsend,2020,hexa_714,3228,CC(C)C[C@H]1C(=O)N2CCC[C@H]2C(=O)N[C@H](CC(C)C)C(=O)N[C@@H](Cc2ccccc2)C(=O)N(C)[C@@H](C)C(=O)N[C@H](CC(C)C)C(=O)N1C,6,Circle,-5.12,,,,2.5003,valid,test,train,test,train,train,valid,train,train,valid,0.44,1,1.0,148.23,"[20.31, 29.1, 20.31, 20.31, 29.1, 29.1]",148.23,True,0.106411915,-0.866143831,0.2667715,-0.7897928
2805,2020_Townsend,2020,hexa_291,2805,CCCN1CC(=O)N(C)[C@@H](CC(C)C)C(=O)N[C@@H](CC(C)C)C(=O)N2CCC[C@H]2C(=O)N(C)[C@@H](CC(C)C)C(=O)N[C@@H](Cc2ccccc2)C1=O,6,Circle,-4.82,,,,3.2342,test,train,test,test,train,train,train,train,train,train,0.59,1,1.0,139.44,"[20.31, 20.31, 29.1, 20.31, 20.31, 29.1]",139.44,True,0.255607542,-0.933071915,0.4900213,-0.93231726
5964,2021_Kelly,2021,L1_12.4.2.2.2.2,5964,CC(=O)N1CCC[C@@H]1C(=O)N(C)[C@@H](CC(C)C)C(=O)N[C@@H]1C(=O)N(C)[C@H](CC(C)C)C(=O)N[C@H](CC(C)C)C(=O)N[C@H](CC(C)C)C(=O)N[C@H](C)C(=O)N[C@H](CC(C)C)C(=O)N2CCC[C@@H]2C(=O)O[C@@H]1C,10,Lariat,-6.72,,,,2.262,test,train,train,test,test,train,test,train,train,train,-0.36,0,0.0,253.04,"[17.07, 20.31, 20.31, 38.33, 20.31, 29.1, 29.1, 29.1, 29.1, 20.31]",253.04,True,0.057967553,-0.068108273,-0.38516107,-0.06948137
3948,2020_Townsend,2020,hepta_371,3948,CC(C)C[C@@H]1NC(=O)[C@@H](CC(C)C)N(C)C(=O)[C@@H](C)NC(=O)[C@H]2CCCN2C(=O)[C@H](Cc2ccccc2)NC(=O)CN(Cc2ccccc2)C(=O)[C@H]2CCCN2C1=O,7,Circle,-5.33,,,,2.647,test,train,train,test,train,train,train,valid,train,train,0.335,1,1.0,168.54,"[20.31, 29.1, 20.31, 29.1, 20.31, 20.31, 29.1]",168.54,True,0.136234777,-0.711501123,0.09356568,-0.7218747
3318,2020_Townsend,2020,hexa_804,3318,C[C@H]1C(=O)N(Cc2ccccc2)CC(=O)N(Cc2ccccc2)CC(=O)N2CCC[C@H]2C(=O)N(Cc2ccccc2)CC(=O)N[C@@H](Cc2ccccc2)C(=O)N1C,6,Circle,-5.71,,,,3.6518,test,train,test,test,train,train,train,valid,train,train,0.145,1,0.5725,130.65,"[20.31, 20.31, 20.31, 20.31, 20.31, 29.1]",130.65,True,0.340502069,-1.0,-0.020608578,-0.9776752
1553,2016_Furukawa,2016,2.1-02H,1553,CCCC[C@@H]1NC(=O)[C@H](CC(C)C)NC(=O)CN(CC2CCCCC2)C(=O)[C@H](C)NC(=O)CN(CC)C(=O)[C@@H]2CCCN2C1=O,6,Circle,-6.39,,,,1.959,train,train,train,test,train,train,train,valid,train,train,-0.195,0,0.4025,148.23,"[29.1, 20.31, 29.1, 29.1, 20.31, 20.31]",148.23,True,-0.00362977,-0.866143831,-0.018945828,-0.8093634
975,2015_Bockus_1,2015,compd.10,975,CC(C)C[C@@H]1NC(=O)[C@H]2CCCN2C(=O)[C@@H](CC(C)C)N(C)C(=O)C[C@@H](O)[C@@H](CC(C)C)NC(=O)[C@@H](CC(C)C)N(C)C(=O)[C@@H](CC(C)C)N(C)C(=O)C[C@@H]1O,6,Circle,-5.15,,,-5.24,3.1741,train,train,valid,test,test,train,train,valid,train,train,0.425,1,1.0,179.9,"[20.31, 49.33, 20.31, 20.31, 49.33, 20.31]",179.9,True,0.243389723,-0.625004759,0.22409597,-0.7467163
5031,2020_Townsend,2020,hepta_1454,5031,CC(C)C[C@@H]1NC(=O)C[C@H](Cc2ccccc2)NC(=O)[C@H]2CCCN2C(=O)[C@H](Cc2ccccc2)NC(=O)[C@@H](CC(C)C)N(C)C(=O)[C@H]2CCCN2C(=O)[C@H](CC(C)C)N(C)C1=O,7,Circle,-5.78,,,,4.1042,train,test,train,test,train,train,valid,train,train,train,0.11,1,0.555,168.54,"[20.31, 29.1, 29.1, 20.31, 20.31, 20.31, 29.1]",168.54,True,0.43247114,-0.711501123,0.28937298,-0.7120746
4075,2020_Townsend,2020,hepta_498,4075,CC(C)C[C@H]1C(=O)N(Cc2ccccc2)CC(=O)N2CCC[C@H]2C(=O)N(C)[C@@H](CC(C)C)C(=O)N[C@@H](Cc2ccccc2)C(=O)N2CCC[C@@H]2C(=O)N(C)[C@@H](C)C(=O)N1C,7,Circle,-5.18,,,,3.3314,train,train,train,test,train,train,train,train,train,train,0.41,1,1.0,150.96,"[20.31, 20.31, 20.31, 20.31, 20.31, 20.31, 29.1]",150.96,True,0.275367475,-0.845357292,0.30361927,-0.87479067
5817,2021_Kelly,2021,L1_10.3.4.2.1.2,5817,CC(=O)N1CCC[C@H]1C(=O)N(C)[C@@H](CC(C)C)C(=O)N[C@@H]1C(=O)N(C)[C@@H](CC(C)C)C(=O)N(C)[C@H](CC(C)C)C(=O)N[C@H](CC(C)C)C(=O)N[C@@H](C)C(=O)N[C@H](CC(C)C)C(=O)N2CCC[C@@H]2C(=O)O[C@@H]1C,10,Lariat,-6.74,,,,2.6042,train,train,train,test,train,train,train,train,train,test,-0.37,0,0.0,244.25,"[17.07, 20.31, 20.31, 38.33, 20.31, 20.31, 29.1, 29.1, 29.1, 20.31]",244.25,True,0.127533901,-0.135036357,-0.47613382,-0.08951539
7329,2022_Bhardwaj,2022,D10.56,7329,CC[C@@H](C)[C@H]1NC(=O)[C@H](Cc2ccccc2)N(C)C(=O)[C@@H](CC(C)C)N(C)C(=O)[C@H](C(C)C)NC(=O)[C@H](C)NC(=O)[C@@H]2CCCN2C(=O)[C@H](CC(C)C)N(C)C(=O)[C@@H](Cc2ccccc2)N(C)C(=O)[C@H](C)N(C)C(=O)[C@H](C)N(C)C1=O,10,Circle,-5.04,,,,3.7468,train,train,train,test,train,test,train,train,train,valid,0.48,1,1.0,229.47,"[20.31, 20.31, 20.31, 29.1, 29.1, 20.31, 20.31, 29.1, 20.31, 20.31]",229.47,True,0.359814761,-0.247573,0.3307616,-0.8693953
3591,2020_Townsend,2020,hepta_14,3591,CCCN1CC(=O)N[C@H](CC(C)C)C(=O)N(C)[C@@H](CC(C)C)C(=O)N2CCC[C@H]2C(=O)N[C@@H](CC(C)C)C(=O)N[C@@H](Cc2ccccc2)C(=O)N2CCC[C@@H]2C1=O,7,Circle,-5.56,,,,2.883,train,train,train,test,train,train,train,test,train,train,0.22,1,0.61,168.54,"[20.31, 20.31, 29.1, 20.31, 20.31, 29.1, 29.1]",168.54,True,0.18421157,-0.711501123,0.1798993,-0.70314074
6642,2021_Kelly,2021,L1_7.4.1.1.3.1,6642,CC(=O)N1CCC[C@@H]1C(=O)N(C)[C@H](CC(C)C)C(=O)N[C@@H]1C(=O)N(C)[C@H](CC(C)C)C(=O)N[C@@H](CC(C)C)C(=O)N[C@@H](CC(C)C)C(=O)N(C)[C@@H](C)C(=O)N[C@@H](CC(C)C)C(=O)N2CCC[C@H]2C(=O)O[C@@H]1C,10,Lariat,-6.8,,,,2.6042,train,train,train,test,train,valid,train,train,train,valid,-0.4,0,0.0,244.25,"[17.07, 20.31, 20.31, 38.33, 20.31, 29.1, 29.1, 20.31, 29.1, 20.31]",244.25,True,0.127533901,-0.135036357,-0.16696116,-0.11253944
5248,2020_Townsend,2020,hepta_1671,5248,CC(C)C[C@@H]1NC(=O)C[C@H](Cc2ccccc2)NC(=O)[C@@H]2CCCN2C(=O)[C@H](Cc2ccccc2)NC(=O)[C@H](CC(C)C)N(C)C(=O)[C@@H]2CCCN2C(=O)C[C@H](Cc2ccccc2)NC1=O,7,Circle,-5.52,,,,4.3487,test,train,train,test,train,train,train,test,train,valid,0.24,1,0.62,177.33,"[20.31, 29.1, 29.1, 29.1, 20.31, 20.31, 29.1]",177.33,True,0.48217591,-0.644573038,0.103509,-0.67391646
3024,2020_Townsend,2020,hexa_510,3024,C[C@H]1NC(=O)[C@H](Cc2ccccc2)NC(=O)CN(Cc2ccccc2)C(=O)[C@@H]2CCCN2C(=O)CN(Cc2ccccc2)C(=O)CN(Cc2ccccc2)C1=O,6,Circle,-6.06,,,,3.3096,train,train,train,test,valid,test,valid,train,train,valid,-0.03,0,0.485,139.44,"[29.1, 20.31, 20.31, 20.31, 20.31, 29.1]",139.44,True,0.27093572,-0.933071915,-0.11022435,-0.9288756
1213,2016_Furukawa,2016,1.2-40,1213,CCCC[C@@H]1NC(=O)[C@H](CC(C)C)N(C)C(=O)CN(CCCN2CCCC2=O)C(=O)[C@H](Cc2ccc3ccccc3c2)NC(=O)CN(CCC)C(=O)[C@H]2CCCN2C1=O,6,Circle,-5.76,,,,3.4995,train,train,train,test,train,train,train,valid,train,train,0.12,1,0.56,159.75,"[29.1, 40.62, 20.31, 29.1, 20.31, 20.31]",159.75,True,0.309540775,-0.778429208,0.17416278,-0.75519514
6093,2021_Kelly,2021,L1_14.4.3.1.3.2,6093,CC(=O)N1CCC[C@H]1C(=O)N(C)[C@H](CC(C)C)C(=O)N[C@@H]1C(=O)N(C)[C@H](CC(C)C)C(=O)N(C)[C@@H](CC(C)C)C(=O)N[C@@H](CC(C)C)C(=O)N(C)[C@@H](C)C(=O)N[C@H](CC(C)C)C(=O)N2CCC[C@@H]2C(=O)O[C@@H]1C,10,Lariat,-5.14,,,,2.9464,train,train,train,test,valid,train,train,train,train,train,0.43,1,1.0,235.46,"[17.07, 20.31, 20.31, 38.33, 20.31, 20.31, 29.1, 20.31, 29.1, 20.31]",235.46,True,0.19710025,-0.201964442,0.27298206,-0.16828014
7420,2022_Taechalertpaisarn,2022,ID.3-Pye2(Cha3Nal5),7420,CC(C)C[C@@H]1NC(=O)[C@H](Cc2ccc3ccccc3c2)NC(=O)[C@@H](CC(C)C)NC(=O)[C@H](CC2CCCCC2)NC(=O)[C@@H](CCC(=O)N2CCCC2)NC(=O)[C@H]2CCCN2C1=O,6,Circle,-5.28,,,,4.2761,train,train,train,test,valid,train,valid,train,train,train,0.36,1,1.0,186.12,"[20.31, 49.41, 29.1, 29.1, 29.1, 29.1]",186.12,True,0.467416948,-0.577644954,0.0989468,-0.67558384
6133,2021_Kelly,2021,L1_15.2.2.1.4.2,6133,CC(=O)N1CCC[C@@H]1C(=O)N(C)[C@H](CC(C)C)C(=O)N[C@@H]1C(=O)N[C@H](CC(C)C)C(=O)N[C@H](CC(C)C)C(=O)N[C@@H](CC(C)C)C(=O)N(C)[C@H](C)C(=O)N[C@H](CC(C)C)C(=O)N2CCC[C@H]2C(=O)O[C@@H]1C,10,Lariat,-5.99,,,,2.262,train,train,test,test,train,train,train,valid,train,train,0.005,1,0.5025,253.04,"[17.07, 20.31, 20.31, 38.33, 29.1, 29.1, 29.1, 20.31, 29.1, 20.31]",253.04,True,0.057967553,-0.068108273,-0.13078511,-0.041715443
1681,2016_Furukawa,2016,2.5-04Me,1681,CCCCCN1CC(=O)N(C)[C@H](CC(C)C)C(=O)N[C@@H](CCCC)C(=O)N2CCC[C@H]2C(=O)N(CCCOC(C)C)CC(=O)N[C@@H](C)C1=O,6,Circle,-4.91,,,,2.7063,train,train,train,test,train,test,train,train,train,test,0.545,1,1.0,148.67,"[29.1, 20.31, 20.31, 29.1, 20.31, 29.54]",148.67,True,0.148289963,-0.862793619,0.40765733,-0.84898984
4355,2020_Townsend,2020,hepta_778,4355,CC(C)C[C@@H]1C(=O)N2CCC[C@@H]2C(=O)N(C)[C@H](CC(C)C)C(=O)N[C@@H](Cc2ccccc2)C(=O)N2CCC[C@@H]2C(=O)N(C)[C@H](C)C(=O)N(Cc2ccccc2)CC(=O)N1C,7,Circle,-5.62,,,,3.3314,train,train,train,test,train,train,valid,train,train,train,0.19,1,0.595,150.96,"[20.31, 20.31, 20.31, 20.31, 20.31, 20.31, 29.1]",150.96,True,0.275367475,-0.845357292,0.16380274,-0.8370365
1654,2016_Furukawa,2016,2.4-13Me,1654,CCCCCN1CC(=O)N(C)[C@@H](CC(C)C)C(=O)N[C@@H](CCCC)C(=O)N2CCC[C@@H]2C(=O)N(CCCOC(C)C)CC(=O)N[C@H](Cc2ccccc2)C1=O,6,Circle,-5.16,,,,3.9291,train,train,train,test,train,train,train,train,train,train,0.42,1,1.0,148.67,"[29.1, 20.31, 20.31, 29.1, 20.31, 29.54]",148.67,True,0.3968748,-0.862793619,0.26582518,-0.9210211
5383,2020_Townsend,2020,hepta_1806,5383,CC(C)C[C@@H]1NC(=O)[C@H]2CCCN2C(=O)CN(Cc2ccccc2)C(=O)[C@@H](CC(C)C)NC(=O)C[C@H](Cc2ccccc2)NC(=O)[C@@H]2CCCN2C(=O)[C@H](Cc2ccccc2)NC1=O,7,Circle,-5.78,,,,3.9177,train,train,test,test,train,train,train,train,train,test,0.11,1,0.555,177.33,"[20.31, 29.1, 29.1, 20.31, 20.31, 29.1, 29.1]",177.33,True,0.394557277,-0.644573038,0.043746546,-0.66717374
7183,2021_Kelly,2021,L5_95,7183,CCC[C@H]1NC(=O)[C@@H](NC(=O)[C@@H](CC(C)C)N(C)C(=O)[C@@H]2CCCN2C(C)=O)[C@@H](C)OC(=O)[C@@H]2CCCN2C(=O)[C@H](CC(C)C)NC(=O)[C@@H](C)N(C)C(=O)[C@@H](CC2CCCCC2)NC(=O)[C@H](CCc2ccccc2)NC1=O,10,Lariat,-5.83,,,,3.527,train,train,train,test,train,train,test,train,train,valid,0.085,1,0.5425,253.04,"[17.07, 20.31, 20.31, 38.33, 29.1, 29.1, 29.1, 20.31, 29.1, 20.31]",253.04,True,0.315131291,-0.068108273,0.005636573,-0.10329957
5371,2020_Townsend,2020,hepta_1794,5371,CC(C)C[C@H]1C(=O)N[C@@H](Cc2ccccc2)C(=O)N2CCC[C@H]2C(=O)N[C@@H](Cc2ccccc2)CC(=O)N[C@H](CC(C)C)C(=O)N(C)[C@H](CC(C)C)C(=O)N2CCC[C@@H]2C(=O)N1C,7,Circle,-5.31,,,,4.1042,train,train,test,test,train,train,valid,train,train,train,0.345,1,1.0,168.54,"[20.31, 29.1, 29.1, 20.31, 20.31, 20.31, 29.1]",168.54,True,0.43247114,-0.711501123,0.20030868,-0.7204554
4165,2020_Townsend,2020,hepta_588,4165,CC(C)C[C@H]1C(=O)N2CCC[C@H]2C(=O)N(Cc2ccccc2)CC(=O)N[C@@H](Cc2ccccc2)C(=O)N2CCC[C@@H]2C(=O)N(C)[C@H](C)C(=O)N(C)[C@H](CC(C)C)C(=O)N1C,7,Circle,-5.57,,,,3.3314,train,train,test,test,train,train,train,train,train,train,0.215,1,0.6075,150.96,"[20.31, 20.31, 20.31, 20.31, 20.31, 20.31, 29.1]",150.96,True,0.275367475,-0.845357292,0.11342481,-0.84436315
6787,2021_Kelly,2021,L2_2.1.2.3.1,6787,CC(=O)N1CCC[C@H]1C(=O)N[C@@H]1C(=O)N(C)[C@H](CC(C)C)C(=O)N[C@H](CC(C)C)C(=O)N[C@@H](CC(C)C)C(=O)N[C@H](CC(C)C)C(=O)N(C)[C@@H](C)C(=O)N[C@@H](CC(C)C)C(=O)N2CCC[C@@H]2C(=O)O[C@@H]1C,10,Lariat,-5.82,,,,2.262,valid,train,valid,test,test,train,train,train,train,train,0.09,1,0.545,253.04,"[17.07, 20.31, 38.33, 20.31, 29.1, 29.1, 29.1, 20.31, 29.1, 20.31]",253.04,True,0.057967553,-0.068108273,0.09932451,-0.040174752
4132,2020_Townsend,2020,hepta_555,4132,CC(C)C[C@@H]1NC(=O)[C@@H](C)N(C)C(=O)[C@H]2CCCN2C(=O)[C@H](Cc2ccccc2)NC(=O)[C@@H](CC(C)C)NC(=O)[C@@H]2CCCN2C(=O)CN(Cc2ccccc2)C1=O,7,Circle,-5.61,,,,2.647,valid,train,train,test,train,valid,train,train,train,valid,0.195,1,0.5975,168.54,"[20.31, 20.31, 29.1, 20.31, 20.31, 29.1, 29.1]",168.54,True,0.136234777,-0.711501123,0.06326324,-0.71629906
1275,2016_Furukawa,2016,1.4-22,1275,CCCC[C@@H]1NC(=O)[C@H](CC(C)C)N(C)C(=O)CN(Cc2ccccc2)C(=O)[C@H](Cc2ccccc2)NC(=O)CN(CCCOC(C)C)C(=O)[C@H]2CCCN2C1=O,6,Circle,-5.52,,,,3.9391,train,valid,train,test,train,valid,train,train,train,train,0.24,1,0.62,148.67,"[29.1, 20.31, 20.31, 29.1, 20.31, 29.54]",148.67,True,0.398907715,-0.862793619,0.2623665,-0.93023145
3579,2020_Townsend,2020,hepta_2,3579,CCCN1CC(=O)N[C@@H](CC(C)C)C(=O)N[C@H](CC(C)C)C(=O)N2CCC[C@H]2C(=O)N[C@H](CC(C)C)C(=O)N[C@@H](Cc2ccccc2)C(=O)N2CCC[C@@H]2C1=O,7,Circle,-6.21,,,,2.5408,train,train,train,test,train,train,test,valid,train,test,-0.105,0,0.4475,177.33,"[20.31, 20.31, 29.1, 29.1, 20.31, 29.1, 29.1]",177.33,True,0.114645221,-0.644573038,0.07092412,-0.6551306
6634,2021_Kelly,2021,L1_7.2.4.4.3.1,6634,CC(=O)N1CCC[C@@H]1C(=O)N(C)[C@H](CC(C)C)C(=O)N[C@@H]1C(=O)N[C@H](CC(C)C)C(=O)N(C)[C@H](CC(C)C)C(=O)N(C)[C@H](CC(C)C)C(=O)N(C)[C@@H](C)C(=O)N[C@@H](CC(C)C)C(=O)N2CCC[C@H]2C(=O)O[C@@H]1C,10,Lariat,-5.62,,,,2.9464,train,test,train,test,train,test,train,train,train,train,0.19,1,0.595,235.46,"[17.07, 20.31, 20.31, 38.33, 29.1, 20.31, 20.31, 20.31, 29.1, 20.31]",235.46,True,0.19710025,-0.201964442,0.16063915,-0.19154944
5150,2020_Townsend,2020,hepta_1573,5150,CCCN1CC(=O)N(C)[C@@H](CC(C)C)C(=O)N[C@@H](CC(C)C)C(=O)N2CCC[C@@H]2C(=O)N(Cc2ccccc2)CC(=O)N[C@@H](Cc2ccccc2)C(=O)N2CCC[C@@H]2C1=O,7,Circle,-5.41,,,,3.3809,train,valid,train,test,train,train,train,test,train,train,0.295,1,1.0,159.75,"[20.31, 20.31, 20.31, 29.1, 20.31, 20.31, 29.1]",159.75,True,0.285430404,-0.778429208,0.13079317,-0.752146
3300,2020_Townsend,2020,hexa_786,3300,CC(C)C[C@H]1C(=O)N(C)[C@H](CC(C)C)C(=O)N2CCC[C@H]2C(=O)N(Cc2ccccc2)CC(=O)N[C@@H](Cc2ccccc2)C(=O)N(C)[C@@H](C)C(=O)N1C,6,Circle,-4.82,,,,3.3404,train,valid,train,test,test,train,train,train,train,train,0.59,1,1.0,130.65,"[20.31, 20.31, 20.31, 20.31, 20.31, 29.1]",130.65,True,0.277197098,-1.0,0.46719775,-1.0080194
4970,2020_Townsend,2020,hepta_1393,4970,CC(C)C[C@@H]1NC(=O)[C@@H]2CCCN2C(=O)CN(Cc2ccccc2)C(=O)[C@H](CC(C)C)N(C)C(=O)C[C@H](Cc2ccccc2)NC(=O)[C@H]2CCCN2C(=O)[C@H](Cc2ccccc2)NC1=O,7,Circle,-5.61,,,,4.2599,train,train,train,test,train,valid,valid,train,train,train,0.195,1,0.5975,168.54,"[20.31, 29.1, 20.31, 20.31, 20.31, 29.1, 29.1]",168.54,True,0.464123626,-0.711501123,0.1054343,-0.6992116
3340,2020_Townsend,2020,hexa_826,3340,CC(C)C[C@@H]1NC(=O)[C@H](CC(C)C)N(C)C(=O)[C@@H](C)N(C)C(=O)[C@H](Cc2ccccc2)NC(=O)[C@@H](CC(C)C)NC(=O)[C@@H]2CCCN2C1=O,6,Circle,-5.13,,,,2.5003,train,valid,valid,test,train,test,train,train,train,train,0.435,1,1.0,148.23,"[20.31, 20.31, 29.1, 20.31, 29.1, 29.1]",148.23,True,0.106411915,-0.866143831,0.24731098,-0.87697536
3588,2020_Townsend,2020,hepta_11,3588,CCCN1CC(=O)N[C@@H](CC(C)C)C(=O)N(C)[C@H](CC(C)C)C(=O)N2CCC[C@H]2C(=O)N[C@H](CC(C)C)C(=O)N[C@@H](Cc2ccccc2)C(=O)N2CCC[C@@H]2C1=O,7,Circle,-5.43,,,,2.883,train,valid,valid,test,train,train,train,train,train,train,0.285,1,1.0,168.54,"[20.31, 20.31, 29.1, 20.31, 20.31, 29.1, 29.1]",168.54,True,0.18421157,-0.711501123,0.13183211,-0.65570116
3486,2020_Townsend,2020,hexa_972,3486,CC(C)C[C@@H]1NC(=O)[C@H]2CCCN2C(=O)C[C@H](Cc2ccccc2)NC(=O)CN(Cc2ccccc2)C(=O)[C@H](C)N(C)C(=O)[C@H](Cc2ccccc2)NC1=O,6,Circle,-10.0,,,,3.2427,train,train,train,test,train,train,train,valid,train,train,-1.0,0,0.0,148.23,"[20.31, 20.31, 29.1, 20.31, 29.1, 29.1]",148.23,True,0.257335519,-0.866143831,-0.43032634,-0.83108807
997,2015_Bockus_2,2015,cpd.16,997,CC[C@H](C)[C@@H]1NC(=O)c2csc(n2)[C@H]([C@H](C)CC)NC(=O)[C@@H]2CCCN2C(=O)[C@H]([C@@H](C)CC)NC(=O)[C@@H]2CCCN2C(=O)[C@H](Cc2ccccc2)N(C)C1=O,6,Circle,-5.82,-4.67,,,4.0872,train,train,train,test,train,train,train,valid,train,train,0.09,1,0.545,161.12,"[41.99, 29.1, 20.31, 20.31, 29.1, 20.31]",161.12,True,0.429015185,-0.767997868,0.37888187,-0.7978152
1342,2016_Furukawa,2016,1.6-09,1342,CCCC[C@@H]1NC(=O)[C@H](CC(C)C)N(C)C(=O)CN(CCCc2ccccc2)C(=O)[C@H](C)NC(=O)CN(Cc2ccc(Cl)cc2)C(=O)[C@H]2CCCN2C1=O,6,Circle,-6.0,,,,4.1874,train,train,train,test,train,train,train,train,train,train,0.0,0,0.5,139.44,"[29.1, 20.31, 20.31, 29.1, 20.31, 20.31]",139.44,True,0.449384992,-0.933071915,-0.0028997958,-0.94440675
6086,2021_Kelly,2021,L1_14.3.4.3.4.2,6086,CC(=O)N1CCC[C@H]1C(=O)N(C)[C@H](CC(C)C)C(=O)N[C@@H]1C(=O)N(C)[C@@H](CC(C)C)C(=O)N(C)[C@H](CC(C)C)C(=O)N(C)[C@@H](CC(C)C)C(=O)N(C)[C@H](C)C(=O)N[C@H](CC(C)C)C(=O)N2CCC[C@@H]2C(=O)O[C@@H]1C,10,Lariat,-5.15,,,,3.2886,train,valid,train,test,train,train,valid,train,train,train,0.425,1,1.0,226.67,"[17.07, 20.31, 20.31, 38.33, 20.31, 20.31, 20.31, 20.31, 29.1, 20.31]",226.67,True,0.266666599,-0.268892527,0.297671,-0.2606803
4735,2020_Townsend,2020,hepta_1158,4735,CC(C)C[C@@H]1NC(=O)[C@@H]2CCCN2C(=O)[C@@H](CC(C)C)N(C)C(=O)[C@H](CC(C)C)NC(=O)[C@@H](C)N(C)C(=O)[C@@H]2CCCN2C(=O)[C@H](Cc2ccccc2)NC1=O,7,Circle,-5.7,,,,2.4913,train,train,train,test,train,train,valid,train,train,train,0.15,1,0.575,168.54,"[20.31, 20.31, 29.1, 20.31, 20.31, 29.1, 29.1]",168.54,True,0.104582292,-0.711501123,0.14044313,-0.70476085
5268,2020_Townsend,2020,hepta_1691,5268,CCCN1CC(=O)N[C@H](CC(C)C)C(=O)N(C)[C@H](CC(C)C)C(=O)N2CCC[C@H]2C(=O)N[C@@H](CC(C)C)C(=O)N[C@@H](Cc2ccccc2)C(=O)N2CCC[C@H]2C1=O,7,Circle,-5.58,,,,2.883,train,train,train,test,test,train,train,valid,train,train,0.21,1,0.605,168.54,"[20.31, 20.31, 29.1, 20.31, 20.31, 29.1, 29.1]",168.54,True,0.18421157,-0.711501123,-0.08449675,-0.71421707
977,2015_Bockus_1,2015,compd.12,977,C/C1=C\[C@@H](CC(C)C)NC(=O)[C@@H]2CCCN2C(=O)[C@H](CC(C)C)N(C)C(=O)C[C@@H](O)[C@@H](CC(C)C)NC(=O)[C@H](CC(C)C)N(C)C(=O)[C@H](CC(C)C)N(C)C1=O,6,Circle,-4.96,,,-5.02,4.3694,test,train,train,test,train,train,train,train,train,valid,0.52,1,1.0,159.67,"[20.31, 29.1, 20.31, 20.31, 49.33, 20.31]",159.67,True,0.486384044,-0.779038337,0.30537805,-0.73041564
1667,2016_Furukawa,2016,2.4-08H,1667,CCCC[C@@H]1NC(=O)[C@H](CC(C)C)NC(=O)CN(CC2CCCCC2)C(=O)[C@@H](Cc2ccccc2)NC(=O)CN(CC)C(=O)[C@H]2CCCN2C1=O,6,Circle,-5.3,,,,3.1818,train,train,train,test,train,train,train,train,train,train,0.35,1,1.0,148.23,"[29.1, 20.31, 29.1, 29.1, 20.31, 20.31]",148.23,True,0.244955067,-0.866143831,0.36530024,-0.85922605
2676,2020_Townsend,2020,hexa_162,2676,CC(C)C[C@H]1C(=O)N(C)[C@@H](CC(C)C)C(=O)N2CCC[C@H]2C(=O)N(Cc2ccccc2)CC(=O)N[C@@H](Cc2ccccc2)C(=O)N[C@@H](Cc2ccccc2)CC(=O)N1C,6,Circle,-5.23,,,,4.6111,train,train,train,test,train,train,train,train,train,test,0.385,1,1.0,139.44,"[29.1, 20.31, 20.31, 20.31, 20.31, 29.1]",139.44,True,0.535519598,-0.933071915,0.308829,-0.98158777
3199,2020_Townsend,2020,hexa_685,3199,CC(C)C[C@H]1C(=O)N[C@@H](Cc2ccccc2)CC(=O)N2CCC[C@@H]2C(=O)N[C@H](CC(C)C)C(=O)N[C@@H](Cc2ccccc2)C(=O)N[C@H](C)C(=O)N1C,6,Circle,-5.54,,,,2.7448,train,train,test,test,train,train,train,train,train,train,0.23,1,0.615,157.02,"[29.1, 20.31, 29.1, 20.31, 29.1, 29.1]",157.02,True,0.156116685,-0.799215746,0.08632361,-0.720689
5491,2020_Townsend,2020,hepta_1914,5491,CC(C)C[C@H]1C(=O)N2CCC[C@H]2C(=O)N(Cc2ccccc2)CC(=O)N[C@@H](Cc2ccccc2)C(=O)N2CCC[C@H]2C(=O)N[C@@H](C)C(=O)N[C@H](CC(C)C)C(=O)N1C,7,Circle,-5.75,,,,2.647,train,train,train,test,train,train,train,train,train,train,0.125,1,0.5625,168.54,"[20.31, 29.1, 29.1, 20.31, 20.31, 20.31, 29.1]",168.54,True,0.136234777,-0.711501123,0.0035616308,-0.7092205
5682,2021_Kelly,2021,L1_1.1.2.2.2.1,5682,CC(=O)N1CCC[C@H]1C(=O)N(C)[C@@H](CC(C)C)C(=O)N[C@@H]1C(=O)N[C@@H](CC(C)C)C(=O)N[C@H](CC(C)C)C(=O)N[C@H](CC(C)C)C(=O)N[C@H](C)C(=O)N[C@@H](CC(C)C)C(=O)N2CCC[C@H]2C(=O)O[C@@H]1C,10,Lariat,-6.96,,,,1.9198,train,train,valid,test,test,train,train,train,train,train,-0.48,0,0.0,261.83,"[17.07, 20.31, 20.31, 38.33, 29.1, 29.1, 29.1, 29.1, 29.1, 20.31]",261.83,True,-0.011598796,-0.001180188,-0.39569226,-0.023101188
1622,2016_Furukawa,2016,2.3-17Me,1622,CCCC[C@@H]1NC(=O)[C@H](CC(C)C)N(C)C(=O)CN(CC2CCCCC2)C(=O)[C@@H](Cc2ccccc2)NC(=O)CN(Cc2ccc3c(c2)OCO3)C(=O)[C@@H]2CCCN2C1=O,6,Circle,-5.95,,,,4.433,train,train,train,test,train,train,train,train,train,valid,0.025,1,0.5125,157.9,"[29.1, 20.31, 20.31, 29.1, 20.31, 38.77]",157.9,True,0.499313383,-0.792515323,-0.20401178,-0.74561596
986,2015_Bockus_2,2015,cpd.5,986,CC[C@@H](C)[C@@H]1NC(=O)[C@@H]2CCCN2C(=O)[C@H](C(C)C)NC(=O)[C@@H]2CCCN2C(=O)[C@H](Cc2ccccc2)NC(=O)[C@H](C)NC(=O)c2csc1n2,6,Circle,-5.31,-6.52,,,2.3287,train,train,train,test,train,test,train,train,train,valid,0.345,1,1.0,169.91,"[41.99, 29.1, 29.1, 20.31, 29.1, 20.31]",169.91,True,0.071527095,-0.701069783,0.17689668,-0.67800003
4070,2020_Townsend,2020,hepta_493,4070,CC(C)C[C@H]1C(=O)N2CCC[C@H]2C(=O)N(Cc2ccccc2)CC(=O)N[C@@H](Cc2ccccc2)C(=O)N2CCC[C@@H]2C(=O)N(C)[C@@H](C)C(=O)N(C)[C@H](CC(C)C)C(=O)N1C,7,Circle,-5.27,,,,3.3314,train,train,train,test,train,train,train,train,train,train,0.365,1,1.0,150.96,"[20.31, 20.31, 20.31, 20.31, 20.31, 20.31, 29.1]",150.96,True,0.275367475,-0.845357292,0.20889995,-0.84735966
6526,2021_Kelly,2021,L1_5.3.4.2.4.1,6526,CC(=O)N1CCC[C@H]1C(=O)N(C)[C@H](CC(C)C)C(=O)N[C@@H]1C(=O)N(C)[C@@H](CC(C)C)C(=O)N(C)[C@H](CC(C)C)C(=O)N[C@H](CC(C)C)C(=O)N(C)[C@H](C)C(=O)N[C@@H](CC(C)C)C(=O)N2CCC[C@H]2C(=O)O[C@@H]1C,10,Lariat,-5.22,,,,2.9464,train,train,train,test,train,train,train,train,train,train,0.39,1,1.0,235.46,"[17.07, 20.31, 20.31, 38.33, 20.31, 20.31, 29.1, 20.31, 29.1, 20.31]",235.46,True,0.19710025,-0.201964442,0.23165224,-0.16299413
3770,2020_Townsend,2020,hepta_193,3770,CC(C)C[C@@H]1NC(=O)[C@@H](C)NC(=O)[C@H]2CCCN2C(=O)[C@H](Cc2ccccc2)NC(=O)[C@H](CC(C)C)N(C)C(=O)[C@@H]2CCCN2C(=O)[C@H](CC(C)C)N(C)C1=O,7,Circle,-5.58,,,,2.4913,train,train,train,test,test,valid,train,train,train,train,0.21,1,0.605,168.54,"[20.31, 29.1, 29.1, 20.31, 20.31, 20.31, 29.1]",168.54,True,0.104582292,-0.711501123,-0.06867333,-0.7384628
6529,2021_Kelly,2021,L1_5.3.4.4.3.1,6529,CC(=O)N1CCC[C@H]1C(=O)N(C)[C@H](CC(C)C)C(=O)N[C@@H]1C(=O)N(C)[C@@H](CC(C)C)C(=O)N(C)[C@H](CC(C)C)C(=O)N(C)[C@H](CC(C)C)C(=O)N(C)[C@@H](C)C(=O)N[C@@H](CC(C)C)C(=O)N2CCC[C@H]2C(=O)O[C@@H]1C,10,Lariat,-5.23,,,,3.2886,train,test,valid,test,train,train,train,train,train,train,0.385,1,1.0,226.67,"[17.07, 20.31, 20.31, 38.33, 20.31, 20.31, 20.31, 20.31, 29.1, 20.31]",226.67,True,0.266666599,-0.268892527,0.23379618,-0.25966495
5580,2020_Townsend,2020,hepta_2003,5580,CC(C)C[C@@H]1NC(=O)CN(Cc2ccccc2)C(=O)[C@H](C)N(C)C(=O)[C@@H]2CCCN2C(=O)[C@H](Cc2ccccc2)NC(=O)[C@@H](CC(C)C)N(C)C(=O)[C@H]2CCCN2C1=O,7,Circle,-10.0,,,,2.9892,valid,train,train,test,train,train,train,train,train,train,-1.0,0,0.0,159.75,"[20.31, 20.31, 20.31, 29.1, 20.31, 20.31, 29.1]",159.75,True,0.205801126,-0.778429208,0.267596,-0.792543
4218,2020_Townsend,2020,hepta_641,4218,CC(C)C[C@@H]1NC(=O)[C@H](CC(C)C)N(C)C(=O)[C@H](C)N(C)C(=O)[C@H]2CCCN2C(=O)[C@H](Cc2ccccc2)NC(=O)[C@@H](CC(C)C)N(C)C(=O)[C@H]2CCCN2C1=O,7,Circle,-5.59,,,,2.8335,train,train,train,test,valid,train,test,train,train,train,0.205,1,0.6025,159.75,"[20.31, 20.31, 20.31, 29.1, 20.31, 20.31, 29.1]",159.75,True,0.174148641,-0.778429208,0.3578186,-0.79546064
3764,2020_Townsend,2020,hepta_187,3764,CC(C)C[C@@H]1NC(=O)[C@@H](C)NC(=O)[C@H]2CCCN2C(=O)[C@H](Cc2ccccc2)NC(=O)[C@H](CC(C)C)N(C)C(=O)[C@@H]2CCCN2C(=O)[C@@H](CC(C)C)N(C)C1=O,7,Circle,-5.61,,,,2.4913,train,train,train,test,test,train,train,train,train,train,0.195,1,0.5975,168.54,"[20.31, 29.1, 29.1, 20.31, 20.31, 20.31, 29.1]",168.54,True,0.104582292,-0.711501123,0.06676846,-0.748524
2434,2020_Furukawa,2020,A_15,2434,CC(C)C[C@@H]1NC(=O)CN(CC2CCOCC2)C(=O)[C@H]2CCCN2C(=O)[C@H](CC(C)C)NC(=O)[C@H](C)N(C)C(=O)[C@H](CC(C)C)NC(=O)CN(CCCOC(C)C)C(=O)[C@H]2CCCN2C(=O)[C@H](Cc2ccccc2)NC(=O)[C@H](C)N(C)C1=O,10,Circle,-5.72,,,,2.8949,train,train,test,test,train,test,train,train,train,train,0.14,1,0.57,256.72,"[29.1, 20.31, 29.54, 29.1, 20.31, 29.1, 20.31, 29.54, 29.1, 20.31]",256.72,True,0.186630738,-0.040088324,-0.15313138,-0.28151363
1628,2016_Furukawa,2016,2.3-05H,1628,CCCCCN1CC(=O)N[C@@H](CC(C)C)C(=O)N[C@@H](CCCC)C(=O)N2CCC[C@H]2C(=O)N(CC)CC(=O)N[C@H](Cc2ccccc2)C1=O,6,Circle,-5.53,,,,2.7917,train,valid,train,test,train,train,test,train,train,valid,0.235,1,0.6175,148.23,"[29.1, 20.31, 29.1, 29.1, 20.31, 20.31]",148.23,True,0.165651056,-0.866143831,0.16537127,-0.89979994
3972,2020_Townsend,2020,hepta_395,3972,CC(C)C[C@@H]1C(=O)N[C@@H](Cc2ccccc2)CC(=O)N2CCC[C@@H]2C(=O)N(C)[C@H](CC(C)C)C(=O)N[C@@H](Cc2ccccc2)C(=O)N2CCC[C@@H]2C(=O)N[C@H](C)C(=O)N1C,7,Circle,-5.91,,,,3.078,valid,train,train,test,train,train,train,train,train,train,0.045,1,0.5225,168.54,"[20.31, 29.1, 20.31, 29.1, 20.31, 20.31, 29.1]",168.54,True,0.223853411,-0.711501123,-0.15480305,-0.68546754
6813,2021_Kelly,2021,L2_2.4.2.3.1,6813,CC(=O)N1CCC[C@H]1C(=O)N[C@@H]1C(=O)N(C)[C@H](CC(C)C)C(=O)N[C@H](CC(C)C)C(=O)N(C)[C@H](CC(C)C)C(=O)N[C@H](CC(C)C)C(=O)N(C)[C@@H](C)C(=O)N[C@@H](CC(C)C)C(=O)N2CCC[C@@H]2C(=O)O[C@@H]1C,10,Lariat,-5.98,,,,2.6042,train,train,valid,test,train,train,train,train,train,train,0.01,1,0.505,244.25,"[17.07, 20.31, 38.33, 20.31, 29.1, 20.31, 29.1, 20.31, 29.1, 20.31]",244.25,True,0.127533901,-0.135036357,0.28115585,-0.1065826
5352,2020_Townsend,2020,hepta_1775,5352,CC(C)C[C@@H]1NC(=O)[C@H]2CCCN2C(=O)[C@@H](CC(C)C)NC(=O)[C@@H](CC(C)C)NC(=O)C[C@H](Cc2ccccc2)NC(=O)[C@@H]2CCCN2C(=O)[C@H](Cc2ccccc2)NC1=O,7,Circle,-5.76,,,,3.4198,train,train,train,test,train,train,test,train,train,train,0.12,1,0.56,186.12,"[20.31, 29.1, 29.1, 29.1, 20.31, 29.1, 29.1]",186.12,True,0.293338443,-0.577644954,-0.10633935,-0.6220068
6078,2021_Kelly,2021,L1_14.3.3.1.1.2,6078,CC(=O)N1CCC[C@H]1C(=O)N(C)[C@H](CC(C)C)C(=O)N[C@@H]1C(=O)N(C)[C@@H](CC(C)C)C(=O)N(C)[C@@H](CC(C)C)C(=O)N[C@@H](CC(C)C)C(=O)N[C@@H](C)C(=O)N[C@H](CC(C)C)C(=O)N2CCC[C@@H]2C(=O)O[C@@H]1C,10,Lariat,-6.43,,,,2.6042,train,train,train,test,train,train,train,train,train,train,-0.215,0,0.3925,244.25,"[17.07, 20.31, 20.31, 38.33, 20.31, 20.31, 29.1, 29.1, 29.1, 20.31]",244.25,True,0.127533901,-0.135036357,-0.3085123,-0.099453434
1884,2017_Pye,2017,cpd.10.3,1884,CCCC[C@H]1C(=O)N(C)[C@H](CC)C(=O)N(C)[C@H](CCCC)C(=O)N(C)[C@@H](CCCC)C(=O)N(C)[C@H](CC)C(=O)N2CCC[C@@H]2C(=O)N(C)[C@@H](Cc2ccc(O)cc2)C(=O)N(C)[C@H](C)C(=O)N(C)[C@@H](CCC)C(=O)N(C)[C@H](CC)C(=O)N1C,10,Circle,-6.1,,,-10.0,5.0029,train,train,train,test,train,test,train,train,train,train,-0.05,0,0.475,223.33,"[20.31, 20.31, 20.31, 20.31, 20.31, 20.31, 20.31, 20.31, 20.31, 40.54]",223.33,True,0.615169205,-0.294323676,0.61483014,-0.9964504
3657,2020_Townsend,2020,hepta_80,3657,CC(C)C[C@@H]1NC(=O)[C@H](C)NC(=O)[C@H]2CCCN2C(=O)[C@H](Cc2ccccc2)NC(=O)[C@@H](CC(C)C)NC(=O)[C@@H]2CCCN2C(=O)[C@H](CC(C)C)NC1=O,7,Circle,-10.0,,,,1.8069,train,train,valid,test,train,train,test,train,train,train,-1.0,0,0.0,186.12,"[20.31, 29.1, 29.1, 29.1, 20.31, 29.1, 29.1]",186.12,True,-0.034550406,-0.577644954,-0.62922037,-0.57763946
6375,2021_Kelly,2021,L1_3.4.2.2.1.1,6375,CC(=O)N1CCC[C@@H]1C(=O)N(C)[C@@H](CC(C)C)C(=O)N[C@@H]1C(=O)N(C)[C@H](CC(C)C)C(=O)N[C@H](CC(C)C)C(=O)N[C@H](CC(C)C)C(=O)N[C@@H](C)C(=O)N[C@@H](CC(C)C)C(=O)N2CCC[C@H]2C(=O)O[C@@H]1C,10,Lariat,-6.5,,,,2.262,train,train,train,test,train,train,valid,train,train,valid,-0.25,0,0.375,253.04,"[17.07, 20.31, 20.31, 38.33, 20.31, 29.1, 29.1, 29.1, 29.1, 20.31]",253.04,True,0.057967553,-0.068108273,-0.282796,-0.020665392
3113,2020_Townsend,2020,hexa_599,3113,CC(C)C[C@@H]1NC(=O)[C@H](C)NC(=O)[C@H](Cc2ccccc2)NC(=O)CN(Cc2ccccc2)C(=O)[C@H]2CCCN2C(=O)CN(Cc2ccccc2)C1=O,6,Circle,-6.03,,,,2.8117,valid,train,train,test,test,train,train,test,train,train,-0.015,0,0.4925,148.23,"[29.1, 29.1, 20.31, 20.31, 20.31, 29.1]",148.23,True,0.169716886,-0.866143831,-0.16554533,-0.88944143
5462,2020_Townsend,2020,hepta_1885,5462,CC(C)C[C@H]1C(=O)N[C@H](CC(C)C)C(=O)N2CCC[C@H]2C(=O)N(C)[C@@H](CC(C)C)C(=O)N[C@@H](Cc2ccccc2)C(=O)N2CCC[C@H]2C(=O)N[C@@H](C)C(=O)N1C,7,Circle,-5.58,,,,2.4913,train,train,train,test,train,train,train,train,train,train,0.21,1,0.605,168.54,"[20.31, 29.1, 20.31, 29.1, 20.31, 20.31, 29.1]",168.54,True,0.104582292,-0.711501123,0.20998542,-0.70263994
6194,2021_Kelly,2021,L1_16.1.1.2.1.2,6194,CC(=O)N1CCC[C@@H]1C(=O)N(C)[C@H](CC(C)C)C(=O)N[C@@H]1C(=O)N[C@@H](CC(C)C)C(=O)N[C@@H](CC(C)C)C(=O)N[C@H](CC(C)C)C(=O)N[C@@H](C)C(=O)N[C@H](CC(C)C)C(=O)N2CCC[C@@H]2C(=O)O[C@@H]1C,10,Lariat,-8.7,,,,1.9198,train,train,valid,test,train,train,train,valid,train,test,-1.0,0,0.0,261.83,"[17.07, 20.31, 20.31, 38.33, 29.1, 29.1, 29.1, 29.1, 29.1, 20.31]",261.83,True,-0.011598796,-0.001180188,-0.7112596,-0.088857785
4348,2020_Townsend,2020,hepta_771,4348,CC(C)C[C@@H]1NC(=O)[C@@H](CC(C)C)N(C)C(=O)[C@@H](C)N(C)C(=O)[C@H]2CCCN2C(=O)[C@H](Cc2ccccc2)NC(=O)CN(Cc2ccccc2)C(=O)[C@H]2CCCN2C1=O,7,Circle,-10.0,,,,2.9892,train,train,train,test,train,train,train,train,train,train,-1.0,0,0.0,159.75,"[20.31, 20.31, 20.31, 29.1, 20.31, 20.31, 29.1]",159.75,True,0.205801126,-0.778429208,0.13100518,-0.82710016
2909,2020_Townsend,2020,hexa_395,2909,CC(C)C[C@@H]1C(=O)N(Cc2ccccc2)CC(=O)N2CCC[C@H]2C(=O)N(C)[C@H](CC(C)C)C(=O)N[C@@H](Cc2ccccc2)C(=O)N[C@@H](C)C(=O)N1C,6,Circle,-5.77,,,,2.9982,train,train,train,test,train,train,train,valid,train,train,0.115,1,0.5575,139.44,"[29.1, 20.31, 20.31, 20.31, 20.31, 29.1]",139.44,True,0.207630749,-0.933071915,0.27754605,-0.8753391
5103,2020_Townsend,2020,hepta_1526,5103,CCCN1CC(=O)N[C@@H](CC(C)C)C(=O)N[C@@H](CC(C)C)C(=O)N2CCC[C@@H]2C(=O)N(C)[C@@H](CC(C)C)C(=O)N[C@@H](Cc2ccccc2)C(=O)N2CCC[C@@H]2C1=O,7,Circle,-5.52,,,,2.883,train,train,train,test,test,train,train,test,train,train,0.24,1,0.62,168.54,"[20.31, 20.31, 29.1, 29.1, 20.31, 20.31, 29.1]",168.54,True,0.18421157,-0.711501123,0.2975921,-0.73827076
1179,2016_Furukawa,2016,1.2-06,1179,CCCC[C@@H]1NC(=O)[C@H](CC(C)C)N(C)C(=O)CN(CCOC)C(=O)[C@H](CC(C)C)NC(=O)CN(CCC)C(=O)[C@H]2CCCN2C1=O,6,Circle,-5.16,,,,1.7836,test,test,train,test,train,train,train,train,train,test,0.42,1,1.0,148.67,"[29.1, 29.54, 20.31, 29.1, 20.31, 20.31]",148.67,True,-0.039287097,-0.862793619,0.3716854,-0.8389201
1461,2016_Furukawa,2016,1.9-08,1461,CCCCCN1CC(=O)N(C)[C@@H](CC(C)C)C(=O)N[C@@H](CCCC)C(=O)N2CCC[C@@H]2C(=O)N(Cc2cc(CC(C)C)on2)CC(=O)N[C@@H](CC(C)C)C1=O,6,Circle,-6.58,,,,4.3041,train,train,test,test,train,train,valid,train,train,test,-0.29,0,0.0,165.47,"[29.1, 20.31, 20.31, 29.1, 20.31, 46.34]",165.47,True,0.47310911,-0.734876461,-0.30223793,-0.7814238
3268,2020_Townsend,2020,hexa_754,3268,CC(C)C[C@@H]1NC(=O)[C@@H]2CCCN2C(=O)[C@H](CC(C)C)NC(=O)CN(Cc2ccccc2)C(=O)[C@H](C)N(C)C(=O)[C@H](Cc2ccccc2)NC1=O,6,Circle,-5.88,,,,2.656,valid,train,test,test,train,train,test,train,train,train,0.06,1,0.53,148.23,"[20.31, 20.31, 29.1, 20.31, 29.1, 29.1]",148.23,True,0.138064401,-0.866143831,0.020469487,-0.86969244
3778,2020_Townsend,2020,hepta_201,3778,CC(C)C[C@H]1C(=O)N[C@@H](Cc2ccccc2)C(=O)N2CCC[C@@H]2C(=O)N[C@H](C)C(=O)N(C)[C@H](CC(C)C)C(=O)N(C)[C@@H](CC(C)C)C(=O)N2CCC[C@H]2C(=O)N1C,7,Circle,-5.3,,,,2.8335,valid,train,train,test,train,train,train,train,train,valid,0.35,1,1.0,159.75,"[20.31, 29.1, 20.31, 20.31, 20.31, 20.31, 29.1]",159.75,True,0.174148641,-0.778429208,0.24005616,-0.7717469
5259,2020_Townsend,2020,hepta_1682,5259,CC(C)C[C@H]1C(=O)N[C@@H](Cc2ccccc2)CC(=O)N2CCC[C@H]2C(=O)N(Cc2ccccc2)CC(=O)N[C@@H](Cc2ccccc2)C(=O)N2CCC[C@H]2C(=O)N[C@@H](Cc2ccccc2)CC(=O)N1C,7,Circle,-10.0,,,,4.8466,train,train,train,test,train,train,train,train,train,test,-1.0,0,0.0,168.54,"[20.31, 29.1, 20.31, 29.1, 20.31, 20.31, 29.1]",168.54,True,0.583394744,-0.711501123,0.005484022,-0.77415955
968,2015_Bockus_1,2015,compd.3,968,CC(C)C[C@@H]1NC(=O)[C@H](CC(C)C)N(C)C(=O)[C@H](CC(C)C)N(C)C(=O)C[C@@H](O)[C@@H](CC(C)C)NC(=O)[C@H]2CCCN2C(=O)[C@H](CC(C)C)N(C)C(=O)C[C@@H]1O,6,Circle,-4.92,,,,3.1741,valid,train,train,test,train,train,train,train,train,train,0.54,1,1.0,179.9,"[20.31, 49.33, 20.31, 20.31, 49.33, 20.31]",179.9,True,0.243389723,-0.625004759,0.19157512,-0.72223216
6012,2021_Kelly,2021,L1_13.2.4.3.1.2,6012,CC(=O)N1CCC[C@H]1C(=O)N(C)[C@H](CC(C)C)C(=O)N[C@@H]1C(=O)N[C@H](CC(C)C)C(=O)N(C)[C@H](CC(C)C)C(=O)N(C)[C@@H](CC(C)C)C(=O)N[C@@H](C)C(=O)N[C@H](CC(C)C)C(=O)N2CCC[C@H]2C(=O)O[C@@H]1C,10,Lariat,-5.94,,,,2.6042,train,train,train,test,valid,train,train,train,train,train,0.03,1,0.515,244.25,"[17.07, 20.31, 20.31, 38.33, 29.1, 20.31, 20.31, 29.1, 29.1, 20.31]",244.25,True,0.127533901,-0.135036357,0.19045457,-0.09918316
6425,2021_Kelly,2021,L1_4.2.2.2.4.1,6425,CC(=O)N1CCC[C@@H]1C(=O)N(C)[C@@H](CC(C)C)C(=O)N[C@@H]1C(=O)N[C@H](CC(C)C)C(=O)N[C@H](CC(C)C)C(=O)N[C@H](CC(C)C)C(=O)N(C)[C@H](C)C(=O)N[C@@H](CC(C)C)C(=O)N2CCC[C@@H]2C(=O)O[C@@H]1C,10,Lariat,-5.84,,,,2.262,train,train,train,test,train,train,train,train,train,train,0.08,1,0.54,253.04,"[17.07, 20.31, 20.31, 38.33, 29.1, 29.1, 29.1, 20.31, 29.1, 20.31]",253.04,True,0.057967553,-0.068108273,0.08898417,-0.04225065
3772,2020_Townsend,2020,hepta_195,3772,CC(C)C[C@@H]1NC(=O)[C@@H](C)NC(=O)[C@H]2CCCN2C(=O)[C@H](Cc2ccccc2)NC(=O)CN(Cc2ccccc2)C(=O)[C@@H]2CCCN2C(=O)[C@H](CC(C)C)NC1=O,7,Circle,-6.4,,,,2.3048,test,train,train,test,train,train,test,test,train,test,-0.2,0,0.4,177.33,"[20.31, 29.1, 29.1, 29.1, 20.31, 20.31, 29.1]",177.33,True,0.066668429,-0.644573038,-0.11412701,-0.7244748
3711,2020_Townsend,2020,hepta_134,3711,CC(C)C[C@H]1C(=O)N[C@@H](Cc2ccccc2)C(=O)N2CCC[C@@H]2C(=O)N[C@@H](C)C(=O)N(C)[C@H](CC(C)C)C(=O)N(Cc2ccccc2)CC(=O)N2CCC[C@H]2C(=O)N1C,7,Circle,-5.56,,,,2.9892,train,train,train,test,train,train,train,train,train,train,0.22,1,0.61,159.75,"[20.31, 29.1, 20.31, 20.31, 20.31, 20.31, 29.1]",159.75,True,0.205801126,-0.778429208,0.22567481,-0.74787104
5104,2020_Townsend,2020,hepta_1527,5104,CCCN1CC(=O)N[C@H](CC(C)C)C(=O)N(C)[C@H](CC(C)C)C(=O)N2CCC[C@@H]2C(=O)N(C)[C@H](CC(C)C)C(=O)N[C@@H](Cc2ccccc2)C(=O)N2CCC[C@@H]2C1=O,7,Circle,-5.26,,,,3.2252,train,train,train,test,valid,train,train,train,train,train,0.37,1,1.0,159.75,"[20.31, 20.31, 29.1, 20.31, 20.31, 20.31, 29.1]",159.75,True,0.253777918,-0.778429208,0.22735149,-0.7430687
1641,2016_Furukawa,2016,2.3-18H,1641,CCCC[C@@H]1NC(=O)[C@H](CC(C)C)NC(=O)CN(CC2CCOCC2)C(=O)[C@@H](Cc2ccccc2)NC(=O)CN(Cc2ccc3c(c2)OCO3)C(=O)[C@@H]2CCCN2C1=O,6,Circle,-6.17,,,,2.9371,train,train,train,test,train,train,train,train,train,train,-0.085,0,0.4575,175.92,"[29.1, 29.54, 29.1, 29.1, 20.31, 38.77]",175.92,True,0.195209639,-0.655308943,0.07007764,-0.7088146
2669,2020_Townsend,2020,hexa_155,2669,CC(C)C[C@H]1C(=O)N(Cc2ccccc2)CC(=O)N2CCC[C@H]2C(=O)N(C)[C@H](CC(C)C)C(=O)N[C@@H](Cc2ccccc2)C(=O)N[C@@H](Cc2ccccc2)CC(=O)N1C,6,Circle,-5.33,,,,4.6111,train,train,train,test,test,train,train,train,train,train,0.335,1,1.0,139.44,"[29.1, 20.31, 20.31, 20.31, 20.31, 29.1]",139.44,True,0.535519598,-0.933071915,0.22886875,-0.95092905
166,2013_CHUGAI,2013,DP-155,166,CC[C@H](C)[C@H]1C(=O)N[C@H](C(=O)N2CCCCC2)CC(=O)N(C)CCC(=O)N(C)[C@@H](Cc2ccccc2)C(=O)N(C)[C@@H](CC(C)C)C(=O)N[C@@H]([C@@H](C)O)C(=O)N(C)CC(=O)N(C)[C@@H](CC(C)C)C(=O)N[C@@H](COC(C)(C)C)C(=O)N1C,10,Lariat,-4.26,,,,2.0488,train,train,train,test,test,valid,train,train,train,test,0.87,1,1.0,258.93,"[20.31, 20.31, 20.31, 38.33, 20.31, 20.31, 38.33, 20.31, 46.17, 3.24]",247.93,True,0.014625806,-0.023261126,0.7352587,-0.027331918
6850,2021_Kelly,2021,L2_4.3.4.4.1,6850,CC(=O)N1CCC[C@H]1C(=O)N[C@@H]1C(=O)N(C)[C@H](CC(C)C)C(=O)N(C)[C@H](CC(C)C)C(=O)N(C)[C@@H](CC(C)C)C(=O)N(C)[C@H](CC(C)C)C(=O)N(C)[C@H](C)C(=O)N[C@@H](CC(C)C)C(=O)N2CCC[C@@H]2C(=O)O[C@@H]1C,10,Lariat,-5.05,,,,3.2886,train,train,train,test,valid,valid,train,train,train,train,0.475,1,1.0,226.67,"[17.07, 20.31, 38.33, 20.31, 20.31, 20.31, 20.31, 20.31, 29.1, 20.31]",226.67,True,0.266666599,-0.268892527,0.38767904,-0.29705802
5457,2020_Townsend,2020,hepta_1880,5457,CC(C)C[C@@H]1NC(=O)[C@@H](CC(C)C)N(C)C(=O)[C@H](C)NC(=O)[C@@H]2CCCN2C(=O)[C@H](Cc2ccccc2)NC(=O)[C@@H](CC(C)C)N(C)C(=O)[C@@H]2CCCN2C1=O,7,Circle,-5.63,,,,2.4913,train,train,train,test,train,valid,train,test,train,train,0.185,1,0.5925,168.54,"[20.31, 29.1, 20.31, 29.1, 20.31, 20.31, 29.1]",168.54,True,0.104582292,-0.711501123,0.141496,-0.75305176
5653,2021_Golosov,2021,Cmpd.4,5653,CCCC[C@@H]1NC(=O)[C@H](CCCC)NC(=O)[C@@H](Cc2ccccc2)NC(=O)CSC[C@@H](C(=O)NC)NC(=O)[C@@H]2CCCN2C(=O)[C@H](CCCC)NC1=O,6,Circle,-6.7,,,,1.7075,train,train,train,test,train,train,train,train,train,valid,-0.35,0,0.0,194.91,"[29.1, 29.1, 29.1, 29.1, 20.31, 58.2]",194.91,True,-0.05475758,-0.510716869,-0.08831044,-0.6166986
5077,2020_Townsend,2020,hepta_1500,5077,CC(C)C[C@@H]1C(=O)N[C@@H](Cc2ccccc2)CC(=O)N2CCC[C@@H]2C(=O)N(Cc2ccccc2)CC(=O)N[C@@H](Cc2ccccc2)C(=O)N2CCC[C@@H]2C(=O)N[C@@H](Cc2ccccc2)CC(=O)N1C,7,Circle,-5.79,,,,4.8466,train,train,valid,test,train,train,train,train,train,train,0.105,1,0.5525,168.54,"[20.31, 29.1, 20.31, 29.1, 20.31, 20.31, 29.1]",168.54,True,0.583394744,-0.711501123,-0.21566653,-0.70225286
1081,2015_Wang,2015,Compound.37,1081,CC(C)C[C@H]1NC(=O)[C@@H](Cc2ccccc2)NC(=O)CNC(=O)[C@H](C)NC(=O)[C@H](Cc2ccc(O)cc2)NC(=O)[C@@H]2CCCN2C1=O,6,Circle,-8.0,-6.85,,,0.3034,train,train,train,test,train,train,train,train,train,train,-1.0,0,0.0,186.04,"[29.1, 29.1, 29.1, 29.1, 20.31, 49.33]",186.04,True,-0.340199165,-0.578254083,-0.9178151,-0.65178716
4424,2020_Townsend,2020,hepta_847,4424,CCCN1CC(=O)N[C@@H](CC(C)C)C(=O)N[C@H](CC(C)C)C(=O)N2CCC[C@@H]2C(=O)N(Cc2ccccc2)CC(=O)N[C@@H](Cc2ccccc2)C(=O)N2CCC[C@H]2C1=O,7,Circle,-5.69,,,,3.0387,train,train,train,test,train,valid,train,train,train,train,0.155,1,0.5775,168.54,"[20.31, 20.31, 29.1, 29.1, 20.31, 20.31, 29.1]",168.54,True,0.215864055,-0.711501123,0.07440798,-0.75578815
5179,2020_Townsend,2020,hepta_1602,5179,CC(C)C[C@@H]1NC(=O)[C@@H]2CCCN2C(=O)[C@H](CC(C)C)NC(=O)[C@@H](CC(C)C)NC(=O)C[C@H](Cc2ccccc2)NC(=O)[C@@H]2CCCN2C(=O)[C@H](Cc2ccccc2)NC1=O,7,Circle,-5.61,,,,3.4198,train,train,train,test,train,train,train,valid,train,train,0.195,1,0.5975,186.12,"[20.31, 29.1, 29.1, 29.1, 20.31, 29.1, 29.1]",186.12,True,0.293338443,-0.577644954,0.08399891,-0.6625289
3503,2020_Townsend,2020,hexa_989,3503,CC(C)C[C@@H]1NC(=O)[C@@H](C)N(C)C(=O)[C@H](Cc2ccccc2)NC(=O)[C@@H](CC(C)C)NC(=O)[C@H]2CCCN2C(=O)[C@@H](CC(C)C)N(C)C1=O,6,Circle,-5.25,,,,2.5003,train,train,train,test,train,train,train,train,train,train,0.375,1,1.0,148.23,"[20.31, 29.1, 20.31, 20.31, 29.1, 29.1]",148.23,True,0.106411915,-0.866143831,0.22299585,-0.8710277
278,2013_CHUGAI,2013,DP-267,278,CC(C)C[C@H]1C(=O)N[C@@H](COC(C)(C)C)C(=O)N[C@H](C(=O)N2CCCCC2)CC(=O)N(C)[C@@H](C)C(=O)N(C)[C@@H](C)C(=O)N(C)[C@@H](Cc2ccccc2)C(=O)N(C)[C@@H](CC(C)C)C(=O)N[C@@H]([C@@H](C)O)C(=O)N(C)[C@@H](C)C(=O)N1C,10,Lariat,-4.6,,,,1.4095,train,test,train,test,train,train,train,train,train,train,0.7,1,1.0,258.93,"[20.31, 20.31, 20.31, 20.31, 38.33, 20.31, 20.31, 38.33, 46.17, 3.24]",247.93,True,-0.115338445,-0.023261126,0.6865447,0.011847168
6913,2021_Kelly,2021,L3_2.3.1.3.1,6913,CC(=O)N1CCC[C@H]1C(=O)N[C@@H]1C(=O)N[C@H](CC(C)C)C(=O)N[C@H](CC(C)C)C(=O)N(C)[C@@H](CC(C)C)C(=O)N[C@@H](CC(C)C)C(=O)N(C)[C@@H](C)C(=O)N[C@@H](CC(C)C)C(=O)N2CCC[C@@H]2C(=O)O[C@@H]1C,10,Lariat,-5.19,,,,2.262,train,valid,train,test,test,train,train,train,train,train,0.405,1,1.0,253.04,"[17.07, 20.31, 38.33, 29.1, 29.1, 20.31, 29.1, 20.31, 29.1, 20.31]",253.04,True,0.057967553,-0.068108273,0.2389843,-0.021935955
3392,2020_Townsend,2020,hexa_878,3392,CC(C)C[C@H]1C(=O)N[C@@H](Cc2ccccc2)C(=O)N(C)[C@H](C)C(=O)N[C@H](CC(C)C)C(=O)N[C@@H](Cc2ccccc2)CC(=O)N2CCC[C@H]2C(=O)N1C,6,Circle,-5.51,,,,3.087,train,train,train,test,valid,train,train,test,train,train,0.245,1,0.6225,148.23,"[20.31, 29.1, 29.1, 20.31, 20.31, 29.1]",148.23,True,0.225683034,-0.866143831,0.29509932,-0.9012884
4940,2020_Townsend,2020,hepta_1363,4940,CC(C)C[C@@H]1NC(=O)[C@@H]2CCCN2C(=O)[C@@H](CC(C)C)NC(=O)CN(Cc2ccccc2)C(=O)C[C@H](Cc2ccccc2)NC(=O)[C@H]2CCCN2C(=O)[C@H](Cc2ccccc2)NC1=O,7,Circle,-5.93,,,,3.9177,train,test,train,test,test,train,train,train,train,test,0.035,1,0.5175,177.33,"[20.31, 29.1, 20.31, 29.1, 20.31, 29.1, 29.1]",177.33,True,0.394557277,-0.644573038,0.036140278,-0.68175465
1423,2016_Furukawa,2016,1.8-10,1423,CCCC[C@@H]1NC(=O)[C@H](CC(C)C)N(C)C(=O)CN(CCOc2ccccc2)C(=O)[C@H](C)NC(=O)CN(Cc2ccc3c(c2)OCO3)C(=O)[C@H]2CCCN2C1=O,6,Circle,-5.56,,,,2.7089,train,train,train,test,train,train,train,train,train,train,0.22,1,0.61,167.13,"[29.1, 29.54, 20.31, 29.1, 20.31, 38.77]",167.13,True,0.148818521,-0.722237027,0.23003848,-0.74415314
1457,2016_Furukawa,2016,1.9-04,1457,CCCC[C@@H]1NC(=O)[C@H](CC(C)C)N(C)C(=O)CN(CC2CCCCC2)C(=O)[C@H](C)NC(=O)CN(Cc2cc(CC(C)C)on2)C(=O)[C@H]2CCCN2C1=O,6,Circle,-5.39,,,,3.668,test,train,train,test,valid,train,train,valid,train,test,0.305,1,1.0,165.47,"[29.1, 20.31, 20.31, 29.1, 20.31, 46.34]",165.47,True,0.343795391,-0.734876461,0.313634,-0.7834079
4178,2020_Townsend,2020,hepta_601,4178,CC(C)C[C@@H]1NC(=O)[C@@H](C)N(C)C(=O)[C@H]2CCCN2C(=O)[C@H](Cc2ccccc2)NC(=O)CN(Cc2ccccc2)C(=O)[C@@H]2CCCN2C(=O)C[C@H](Cc2ccccc2)NC1=O,7,Circle,-5.68,,,,3.2337,train,train,train,test,train,train,train,train,train,train,0.16,1,0.58,168.54,"[20.31, 20.31, 29.1, 29.1, 20.31, 20.31, 29.1]",168.54,True,0.255505896,-0.711501123,-0.05301956,-0.7244648
5727,2021_Kelly,2021,L1_1.3.1.3.3.1,5727,CC(=O)N1CCC[C@H]1C(=O)N(C)[C@@H](CC(C)C)C(=O)N[C@@H]1C(=O)N(C)[C@@H](CC(C)C)C(=O)N[C@@H](CC(C)C)C(=O)N(C)[C@@H](CC(C)C)C(=O)N(C)[C@@H](C)C(=O)N[C@@H](CC(C)C)C(=O)N2CCC[C@H]2C(=O)O[C@@H]1C,10,Lariat,-5.42,,,,2.9464,train,train,test,test,train,train,valid,train,train,test,0.29,1,1.0,235.46,"[17.07, 20.31, 20.31, 38.33, 20.31, 29.1, 20.31, 20.31, 29.1, 20.31]",235.46,True,0.19710025,-0.201964442,0.02660621,-0.22674108
4235,2020_Townsend,2020,hepta_658,4235,CC(C)C[C@H]1NC(=O)[C@H](C)N(C)C(=O)[C@H]2CCCN2C(=O)[C@H](Cc2ccccc2)NC(=O)[C@@H](CC(C)C)NC(=O)[C@H]2CCCN2C(=O)C[C@H](Cc2ccccc2)NC1=O,7,Circle,-6.33,,,,2.7358,train,train,train,test,valid,train,train,valid,train,train,-0.165,0,0.4175,177.33,"[20.31, 20.31, 29.1, 29.1, 20.31, 29.1, 29.1]",177.33,True,0.154287062,-0.644573038,-0.34363014,-0.63321805
4789,2020_Townsend,2020,hepta_1212,4789,CC(C)C[C@H]1C(=O)N[C@@H](Cc2ccccc2)C(=O)N2CCC[C@H]2C(=O)N(C)[C@H](C)C(=O)N[C@H](CC(C)C)C(=O)N[C@@H](Cc2ccccc2)CC(=O)N2CCC[C@H]2C(=O)N1C,7,Circle,-5.78,,,,3.078,valid,train,train,test,train,train,train,train,train,train,0.11,1,0.555,168.54,"[20.31, 20.31, 29.1, 29.1, 20.31, 20.31, 29.1]",168.54,True,0.223853411,-0.711501123,0.18281978,-0.7561908
4697,2020_Townsend,2020,hepta_1120,4697,CC(C)C[C@H]1C(=O)N[C@@H](Cc2ccccc2)C(=O)N2CCC[C@H]2C(=O)N(C)[C@@H](C)C(=O)N(C)[C@H](CC(C)C)C(=O)N(Cc2ccccc2)CC(=O)N2CCC[C@H]2C(=O)N1C,7,Circle,-5.85,,,,3.3314,train,valid,train,test,train,train,train,train,train,train,0.075,1,0.5375,150.96,"[20.31, 20.31, 20.31, 20.31, 20.31, 20.31, 29.1]",150.96,True,0.275367475,-0.845357292,0.2646458,-0.8026834
2843,2020_Townsend,2020,hexa_329,2843,CC(C)C[C@@H]1NC(=O)[C@H](C)NC(=O)[C@H](Cc2ccccc2)NC(=O)[C@@H](CC(C)C)NC(=O)[C@@H]2CCCN2C(=O)[C@H](CC(C)C)NC1=O,6,Circle,-6.62,,,,1.8159,train,train,train,test,valid,train,train,valid,train,train,-0.31,0,0.0,165.81,"[29.1, 29.1, 29.1, 20.31, 29.1, 29.1]",165.81,True,-0.032720782,-0.732287661,-0.46462548,-0.66043234
4155,2020_Townsend,2020,hepta_578,4155,CC(C)C[C@@H]1NC(=O)[C@@H]2CCCN2C(=O)CN(Cc2ccccc2)C(=O)[C@H](CC(C)C)N(C)C(=O)[C@@H](C)N(C)C(=O)[C@H]2CCCN2C(=O)[C@H](Cc2ccccc2)NC1=O,7,Circle,-6.04,,,,2.9892,test,valid,test,test,train,train,train,train,train,train,-0.02,0,0.49,159.75,"[20.31, 20.31, 20.31, 20.31, 20.31, 29.1, 29.1]",159.75,True,0.205801126,-0.778429208,-0.16940792,-0.75783646
1387,2016_Furukawa,2016,1.7-14,1387,CCCC[C@@H]1NC(=O)[C@H](CC(C)C)N(C)C(=O)CN(CCOC)C(=O)[C@H](Cc2ccccc2)NC(=O)CN(CCCCc2ccccc2)C(=O)[C@H]2CCCN2C1=O,6,Circle,-6.3,,,,3.5931,train,train,train,test,train,train,train,train,train,valid,-0.15,0,0.425,148.67,"[29.1, 29.54, 20.31, 29.1, 20.31, 20.31]",148.67,True,0.328568858,-0.862793619,-0.21346527,-0.9116143
2891,2020_Townsend,2020,hexa_377,2891,CC(C)C[C@H]1NC(=O)[C@H](C)NC(=O)[C@H](Cc2ccccc2)NC(=O)[C@@H](CC(C)C)N(C)C(=O)[C@@H]2CCCN2C(=O)CN(Cc2ccccc2)C1=O,6,Circle,-5.91,,,,2.656,train,train,train,test,test,test,train,valid,train,train,0.045,1,0.5225,148.23,"[29.1, 29.1, 20.31, 20.31, 20.31, 29.1]",148.23,True,0.138064401,-0.866143831,-0.039751563,-0.9283805
1185,2016_Furukawa,2016,1.2-12,1185,CCCC[C@@H]1NC(=O)[C@H](CC(C)C)N(C)C(=O)CN(CCCN2CCCC2=O)C(=O)[C@H](C)NC(=O)CN(CCC)C(=O)[C@H]2CCCN2C1=O,6,Circle,-7.96,,,,1.1235,test,train,train,test,train,train,train,test,train,train,-0.98,0,0.0,159.75,"[29.1, 40.62, 20.31, 29.1, 20.31, 20.31]",159.75,True,-0.173479812,-0.778429208,-0.88190365,-0.7902465
6877,2021_Kelly,2021,L3_1.3.1.3.1,6877,CC(=O)N1CCC[C@H]1C(=O)N[C@@H]1C(=O)N[C@H](CC(C)C)C(=O)N[C@@H](CC(C)C)C(=O)N(C)[C@@H](CC(C)C)C(=O)N[C@@H](CC(C)C)C(=O)N(C)[C@@H](C)C(=O)N[C@@H](CC(C)C)C(=O)N2CCC[C@@H]2C(=O)O[C@@H]1C,10,Lariat,-5.14,,,,2.262,train,train,train,test,train,train,train,train,train,train,0.43,1,1.0,253.04,"[17.07, 20.31, 38.33, 29.1, 29.1, 20.31, 29.1, 20.31, 29.1, 20.31]",253.04,True,0.057967553,-0.068108273,0.23330572,-0.025738731
3179,2020_Townsend,2020,hexa_665,3179,CC(C)C[C@H]1NC(=O)[C@H]2CCCN2C(=O)CN(Cc2ccccc2)C(=O)[C@@H](CC(C)C)N(C)C(=O)[C@@H](C)NC(=O)[C@H](Cc2ccccc2)NC1=O,6,Circle,-5.2,,,,2.656,train,train,train,test,train,train,train,train,train,train,0.4,1,1.0,148.23,"[29.1, 20.31, 20.31, 20.31, 29.1, 29.1]",148.23,True,0.138064401,-0.866143831,0.021982037,-0.93683934
5391,2020_Townsend,2020,hepta_1814,5391,CC(C)C[C@H]1NC(=O)CN(Cc2ccccc2)C(=O)C[C@H](Cc2ccccc2)NC(=O)[C@@H]2CCCN2C(=O)[C@H](Cc2ccccc2)NC(=O)[C@@H](CC(C)C)N(C)C(=O)[C@H]2CCCN2C1=O,7,Circle,-5.45,,,,4.2599,train,train,train,test,train,train,train,train,train,train,0.275,1,1.0,168.54,"[20.31, 29.1, 20.31, 29.1, 20.31, 20.31, 29.1]",168.54,True,0.464123626,-0.711501123,0.16174719,-0.7734166
6932,2021_Kelly,2021,L3_3.1.4.2.1,6932,CC(=O)N1CCC[C@H]1C(=O)N[C@@H]1C(=O)N[C@H](CC(C)C)C(=O)N(C)[C@@H](CC(C)C)C(=O)N[C@@H](CC(C)C)C(=O)N(C)[C@H](CC(C)C)C(=O)N[C@H](C)C(=O)N[C@@H](CC(C)C)C(=O)N2CCC[C@@H]2C(=O)O[C@@H]1C,10,Lariat,-5.25,,,,2.262,valid,train,train,test,train,valid,valid,test,train,valid,0.375,1,1.0,253.04,"[17.07, 20.31, 38.33, 29.1, 20.31, 29.1, 20.31, 29.1, 29.1, 20.31]",253.04,True,0.057967553,-0.068108273,0.30694956,-0.067189634
3329,2020_Townsend,2020,hexa_815,3329,CC(C)C[C@H]1NC(=O)[C@@H]2CCCN2C(=O)[C@@H](CC(C)C)N(C)C(=O)[C@@H](CC(C)C)NC(=O)[C@@H](C)N(C)C(=O)[C@H](Cc2ccccc2)NC1=O,6,Circle,-4.94,,,,2.5003,test,train,train,test,train,train,train,train,train,test,0.53,1,1.0,148.23,"[20.31, 29.1, 20.31, 20.31, 29.1, 29.1]",148.23,True,0.106411915,-0.866143831,0.3247946,-0.86480975
5235,2020_Townsend,2020,hepta_1658,5235,CC(C)C[C@H]1C(=O)N(C)[C@@H](CC(C)C)C(=O)N2CCC[C@H]2C(=O)N(C)[C@@H](CC(C)C)C(=O)N[C@@H](Cc2ccccc2)C(=O)N2CCC[C@H]2C(=O)N[C@@H](Cc2ccccc2)CC(=O)N1C,7,Circle,-5.42,,,,4.4464,train,train,train,test,train,train,train,train,train,train,0.29,1,1.0,159.75,"[20.31, 29.1, 20.31, 20.31, 20.31, 20.31, 29.1]",159.75,True,0.502037489,-0.778429208,0.27130437,-0.82276094
3904,2020_Townsend,2020,hepta_327,3904,CC(C)C[C@@H]1NC(=O)[C@@H](C)NC(=O)[C@H]2CCCN2C(=O)[C@H](Cc2ccccc2)NC(=O)[C@@H](CC(C)C)N(C)C(=O)[C@H]2CCCN2C(=O)[C@H](CC(C)C)NC1=O,7,Circle,-10.0,,,,2.1491,test,train,train,test,train,train,train,train,train,train,-1.0,0,0.0,177.33,"[20.31, 29.1, 29.1, 29.1, 20.31, 20.31, 29.1]",177.33,True,0.035015943,-0.644573038,-0.11133042,-0.6897123
6134,2021_Kelly,2021,L1_15.2.2.2.1.2,6134,CC(=O)N1CCC[C@@H]1C(=O)N(C)[C@H](CC(C)C)C(=O)N[C@@H]1C(=O)N[C@H](CC(C)C)C(=O)N[C@H](CC(C)C)C(=O)N[C@H](CC(C)C)C(=O)N[C@@H](C)C(=O)N[C@H](CC(C)C)C(=O)N2CCC[C@H]2C(=O)O[C@@H]1C,10,Lariat,-6.28,,,,1.9198,test,train,train,test,train,train,train,train,train,test,-0.14,0,0.43,261.83,"[17.07, 20.31, 20.31, 38.33, 29.1, 29.1, 29.1, 29.1, 29.1, 20.31]",261.83,True,-0.011598796,-0.001180188,-0.5102192,-0.0033860207
3004,2020_Townsend,2020,hexa_490,3004,CC(C)C[C@H]1C(=O)N[C@@H](Cc2ccccc2)C(=O)N[C@H](C)C(=O)N[C@H](CC(C)C)C(=O)N[C@@H](Cc2ccccc2)CC(=O)N2CCC[C@H]2C(=O)N1C,6,Circle,-6.19,,,,2.7448,train,train,test,test,train,test,train,train,train,train,-0.095,0,0.4525,157.02,"[29.1, 29.1, 29.1, 20.31, 20.31, 29.1]",157.02,True,0.156116685,-0.799215746,-0.18592787,-0.8482102
4968,2020_Townsend,2020,hepta_1391,4968,CC(C)C[C@H]1C(=O)N(C)[C@@H](CC(C)C)C(=O)N2CCC[C@H]2C(=O)N(C)[C@@H](CC(C)C)C(=O)N[C@@H](Cc2ccccc2)C(=O)N2CCC[C@@H]2C(=O)N[C@@H](Cc2ccccc2)CC(=O)N1C,7,Circle,-5.28,,,,4.4464,train,train,train,test,valid,train,train,train,train,train,0.36,1,1.0,159.75,"[20.31, 29.1, 20.31, 20.31, 20.31, 20.31, 29.1]",159.75,True,0.502037489,-0.778429208,0.34724727,-0.82948375
5454,2020_Townsend,2020,hepta_1877,5454,CC(C)C[C@@H]1NC(=O)[C@@H]2CCCN2C(=O)[C@@H](CC(C)C)N(C)C(=O)[C@@H](CC(C)C)N(C)C(=O)[C@H](C)NC(=O)[C@@H]2CCCN2C(=O)[C@H](Cc2ccccc2)NC1=O,7,Circle,-5.73,,,,2.4913,train,train,train,test,train,valid,test,train,train,train,0.135,1,0.5675,168.54,"[20.31, 29.1, 20.31, 20.31, 20.31, 29.1, 29.1]",168.54,True,0.104582292,-0.711501123,-0.08641463,-0.73727596
1194,2016_Furukawa,2016,1.2-21,1194,CCCC[C@@H]1NC(=O)[C@H](CC(C)C)N(C)C(=O)CN(CCCc2cnn(C)c2)C(=O)[C@H](CC(C)C)NC(=O)CN(CCC)C(=O)[C@H]2CCCN2C1=O,6,Circle,-5.59,,,,2.5035,train,train,train,test,train,test,valid,test,train,train,0.205,1,0.6025,157.26,"[29.1, 38.13, 20.31, 29.1, 20.31, 20.31]",157.26,True,0.107062448,-0.797388358,0.19079173,-0.7756593
3616,2020_Townsend,2020,hepta_39,3616,CCCN1CC(=O)N(C)[C@@H](CC(C)C)C(=O)N(C)[C@H](CC(C)C)C(=O)N2CCC[C@H]2C(=O)N(C)[C@H](CC(C)C)C(=O)N[C@@H](Cc2ccccc2)C(=O)N2CCC[C@@H]2C1=O,7,Circle,-4.78,,,,3.5674,train,valid,train,test,train,test,valid,train,train,train,0.61,1,1.0,150.96,"[20.31, 20.31, 20.31, 20.31, 20.31, 20.31, 29.1]",150.96,True,0.323344267,-0.845357292,0.34979898,-0.82300854
6450,2021_Kelly,2021,L1_4.3.3.1.4.1,6450,CC(=O)N1CCC[C@@H]1C(=O)N(C)[C@@H](CC(C)C)C(=O)N[C@@H]1C(=O)N(C)[C@@H](CC(C)C)C(=O)N(C)[C@@H](CC(C)C)C(=O)N[C@@H](CC(C)C)C(=O)N(C)[C@H](C)C(=O)N[C@@H](CC(C)C)C(=O)N2CCC[C@@H]2C(=O)O[C@@H]1C,10,Lariat,-5.41,,,,2.9464,train,valid,train,test,train,test,train,train,train,train,0.295,1,1.0,235.46,"[17.07, 20.31, 20.31, 38.33, 20.31, 20.31, 29.1, 20.31, 29.1, 20.31]",235.46,True,0.19710025,-0.201964442,0.23108809,-0.177662
6166,2021_Kelly,2021,L1_15.3.1.2.1.2,6166,CC(=O)N1CCC[C@@H]1C(=O)N(C)[C@H](CC(C)C)C(=O)N[C@@H]1C(=O)N(C)[C@@H](CC(C)C)C(=O)N[C@@H](CC(C)C)C(=O)N[C@H](CC(C)C)C(=O)N[C@@H](C)C(=O)N[C@H](CC(C)C)C(=O)N2CCC[C@H]2C(=O)O[C@@H]1C,10,Lariat,-6.79,,,,2.262,train,train,train,test,train,train,test,train,train,train,-0.395,0,0.0,253.04,"[17.07, 20.31, 20.31, 38.33, 20.31, 29.1, 29.1, 29.1, 29.1, 20.31]",253.04,True,0.057967553,-0.068108273,-0.42537364,-0.09631039
2816,2020_Townsend,2020,hexa_302,2816,CCCN1CC(=O)N(C)[C@H](CC(C)C)C(=O)N[C@@H](CC(C)C)C(=O)N2CCC[C@H]2C(=O)N(Cc2ccccc2)CC(=O)N[C@@H](Cc2ccccc2)C1=O,6,Circle,-5.69,,,,3.3899,train,train,valid,test,valid,train,train,train,train,valid,0.155,1,0.5775,139.44,"[20.31, 20.31, 29.1, 20.31, 20.31, 29.1]",139.44,True,0.287260027,-0.933071915,0.35899007,-0.92587644
2700,2020_Townsend,2020,hexa_186,2700,CCCN1CC(=O)N(C)[C@H](CC(C)C)C(=O)N[C@H](CC(C)C)C(=O)N2CCC[C@@H]2C(=O)N[C@@H](CC(C)C)C(=O)N[C@@H](Cc2ccccc2)C1=O,6,Circle,-5.3,,,,2.892,train,train,train,test,valid,train,train,train,train,train,0.35,1,1.0,148.23,"[20.31, 20.31, 29.1, 20.31, 29.1, 29.1]",148.23,True,0.186041193,-0.866143831,0.19295633,-0.8571762
1271,2016_Furukawa,2016,1.4-18,1271,CCCC[C@@H]1NC(=O)[C@H](CC(C)C)N(C)C(=O)CN(CCc2cccnc2)C(=O)[C@H](CC(C)C)NC(=O)CN(CCCOC(C)C)C(=O)[C@H]2CCCN2C1=O,6,Circle,-5.48,,,,3.18,train,train,train,test,train,train,train,train,train,train,0.26,1,1.0,161.56,"[29.1, 33.2, 20.31, 29.1, 20.31, 29.54]",161.56,True,0.244589143,-0.764647657,0.23291603,-0.75461245
2897,2020_Townsend,2020,hexa_383,2897,CC(C)C[C@@H]1NC(=O)[C@H](C)NC(=O)[C@H](Cc2ccccc2)NC(=O)[C@@H](CC(C)C)NC(=O)[C@@H]2CCCN2C(=O)C[C@H](Cc2ccccc2)NC1=O,6,Circle,-10.0,,,,2.4026,valid,train,train,test,train,train,train,train,train,train,-1.0,0,0.0,165.81,"[29.1, 29.1, 29.1, 20.31, 29.1, 29.1]",165.81,True,0.086550336,-0.732287661,-0.28256825,-0.7397449
4199,2020_Townsend,2020,hepta_622,4199,CC(C)C[C@@H]1NC(=O)[C@H](C)N(C)C(=O)[C@H]2CCCN2C(=O)[C@H](Cc2ccccc2)NC(=O)[C@H](CC(C)C)N(C)C(=O)[C@H]2CCCN2C(=O)[C@@H](CC(C)C)NC1=O,7,Circle,-5.35,,,,2.4913,train,train,valid,test,train,train,train,train,train,valid,0.325,1,1.0,168.54,"[20.31, 20.31, 29.1, 29.1, 20.31, 20.31, 29.1]",168.54,True,0.104582292,-0.711501123,0.25098306,-0.7711848
2693,2020_Townsend,2020,hexa_179,2693,CCCN1CC(=O)N[C@@H](CC(C)C)C(=O)N[C@H](CC(C)C)C(=O)N2CCC[C@@H]2C(=O)N[C@H](CC(C)C)C(=O)N[C@@H](Cc2ccccc2)C1=O,6,Circle,-6.04,,,,2.5498,train,train,train,test,train,valid,train,valid,train,test,-0.02,0,0.49,157.02,"[20.31, 29.1, 29.1, 20.31, 29.1, 29.1]",157.02,True,0.116474844,-0.799215746,0.06841194,-0.7389672
3829,2020_Townsend,2020,hepta_252,3829,CC(C)C[C@@H]1NC(=O)[C@H]2CCCN2C(=O)[C@H](CC(C)C)NC(=O)[C@@H](CC(C)C)N(C)C(=O)[C@H](C)NC(=O)[C@H]2CCCN2C(=O)[C@H](Cc2ccccc2)NC1=O,7,Circle,-5.69,,,,2.1491,train,train,train,test,test,train,train,train,train,train,0.155,1,0.5775,177.33,"[20.31, 29.1, 20.31, 29.1, 20.31, 29.1, 29.1]",177.33,True,0.035015943,-0.644573038,0.0069622174,-0.60884017
2284,2018_Kaneda,2018,compound.1e,2284,CCC[C@H](C)[C@H]1OC(=O)[C@@H](C)N(C)C(=O)[C@H]([C@@H](C)CC)NC(=O)CN(C)C(=O)[C@@H](Cc2ccccc2)N(C)C(=O)[C@H](C)NC(=O)[C@@H]([C@@H](C)CC)OC(=O)/C(C)=C/C[C@H](O)[C@@H]1C,7,Circle,-4.87,,,,4.0499,train,train,train,test,train,train,train,train,train,train,0.565,1,1.0,191.96,"[20.31, 46.53, 26.3, 29.1, 20.31, 20.31, 29.1]",191.96,True,0.421432412,-0.533178513,0.5768205,-0.6534443
3531,2020_Townsend,2020,hexa_1017,3531,CC(C)C[C@@H]1NC(=O)[C@H](CC(C)C)N(C)C(=O)[C@@H](C)N(C)C(=O)[C@H](Cc2ccccc2)NC(=O)[C@@H](CC(C)C)N(C)C(=O)[C@H]2CCCN2C1=O,6,Circle,-4.89,,,,2.8425,train,test,valid,test,train,train,train,test,train,train,0.555,1,1.0,139.44,"[20.31, 20.31, 29.1, 20.31, 20.31, 29.1]",139.44,True,0.175978264,-0.933071915,0.48660645,-0.9363557
4819,2020_Townsend,2020,hepta_1242,4819,CC(C)C[C@H]1NC(=O)[C@H]2CCCN2C(=O)[C@@H](CC(C)C)N(C)C(=O)[C@@H](CC(C)C)NC(=O)[C@@H](C)N(C)C(=O)[C@@H]2CCCN2C(=O)[C@H](Cc2ccccc2)NC1=O,7,Circle,-5.31,,,,2.4913,train,valid,train,test,train,train,train,train,train,train,0.345,1,1.0,168.54,"[20.31, 20.31, 29.1, 20.31, 20.31, 29.1, 29.1]",168.54,True,0.104582292,-0.711501123,0.020657122,-0.7431695
3705,2020_Townsend,2020,hepta_128,3705,CC(C)C[C@@H]1NC(=O)[C@@H]2CCCN2C(=O)CN(Cc2ccccc2)C(=O)[C@@H](CC(C)C)N(C)C(=O)[C@H](C)NC(=O)[C@H]2CCCN2C(=O)[C@H](Cc2ccccc2)NC1=O,7,Circle,-5.79,,,,2.647,train,train,train,test,train,train,valid,test,train,train,0.105,1,0.5525,168.54,"[20.31, 29.1, 20.31, 20.31, 20.31, 29.1, 29.1]",168.54,True,0.136234777,-0.711501123,-0.10769906,-0.69816256
6184,2021_Kelly,2021,L1_15.4.1.2.4.2,6184,CC(=O)N1CCC[C@@H]1C(=O)N(C)[C@H](CC(C)C)C(=O)N[C@@H]1C(=O)N(C)[C@H](CC(C)C)C(=O)N[C@@H](CC(C)C)C(=O)N[C@H](CC(C)C)C(=O)N(C)[C@H](C)C(=O)N[C@H](CC(C)C)C(=O)N2CCC[C@H]2C(=O)O[C@@H]1C,10,Lariat,-6.0,,,,2.6042,train,test,train,test,train,train,train,train,train,train,0.0,0,0.5,244.25,"[17.07, 20.31, 20.31, 38.33, 20.31, 29.1, 29.1, 20.31, 29.1, 20.31]",244.25,True,0.127533901,-0.135036357,-0.020002492,-0.09625369
3465,2020_Townsend,2020,hexa_951,3465,CC(C)C[C@@H]1NC(=O)[C@H](C)N(C)C(=O)[C@H](Cc2ccccc2)NC(=O)[C@H](CC(C)C)NC(=O)[C@H]2CCCN2C(=O)C[C@H](Cc2ccccc2)NC1=O,6,Circle,-10.0,,,,2.7448,train,test,train,test,train,train,train,train,train,train,-1.0,0,0.0,157.02,"[20.31, 29.1, 29.1, 20.31, 29.1, 29.1]",157.02,True,0.156116685,-0.799215746,-0.62032163,-0.72389394
5427,2020_Townsend,2020,hepta_1850,5427,CC(C)C[C@H]1NC(=O)[C@H](C)NC(=O)[C@@H]2CCCN2C(=O)[C@H](Cc2ccccc2)NC(=O)[C@@H](CC(C)C)NC(=O)[C@@H]2CCCN2C(=O)[C@@H](CC(C)C)NC1=O,7,Circle,-7.08,,,,1.8069,train,train,test,test,train,train,train,test,train,train,-0.54,0,0.0,186.12,"[20.31, 29.1, 29.1, 29.1, 20.31, 29.1, 29.1]",186.12,True,-0.034550406,-0.577644954,-0.53334194,-0.55662644
5495,2020_Townsend,2020,hepta_1918,5495,CC(C)C[C@@H]1C(=O)N(Cc2ccccc2)CC(=O)N2CCC[C@H]2C(=O)N(C)[C@H](CC(C)C)C(=O)N[C@@H](Cc2ccccc2)C(=O)N2CCC[C@H]2C(=O)N[C@@H](C)C(=O)N1C,7,Circle,-5.8,,,,2.9892,test,train,train,test,train,train,train,train,train,train,0.1,1,0.55,159.75,"[20.31, 29.1, 20.31, 20.31, 20.31, 20.31, 29.1]",159.75,True,0.205801126,-0.778429208,0.13263002,-0.7030841
2838,2020_Townsend,2020,hexa_324,2838,CCCN1CC(=O)N(C)[C@@H](CC(C)C)C(=O)N(Cc2ccccc2)CC(=O)N2CCC[C@H]2C(=O)N(Cc2ccccc2)CC(=O)N[C@@H](Cc2ccccc2)C1=O,6,Circle,-5.58,,,,3.8878,train,train,valid,test,train,train,train,train,train,train,0.21,1,0.605,130.65,"[20.31, 20.31, 20.31, 20.31, 20.31, 29.1]",130.65,True,0.388478861,-1.0,0.20192198,-1.0005511
3162,2020_Townsend,2020,hexa_648,3162,CC(C)C[C@@H]1NC(=O)[C@@H](CC(C)C)N(C)C(=O)[C@@H](C)NC(=O)[C@H](Cc2ccccc2)NC(=O)[C@H](CC(C)C)N(C)C(=O)[C@H]2CCCN2C1=O,6,Circle,-4.91,,,,2.5003,train,test,train,test,train,test,train,train,train,train,0.545,1,1.0,148.23,"[29.1, 20.31, 29.1, 20.31, 20.31, 29.1]",148.23,True,0.106411915,-0.866143831,0.3982186,-0.8386433
4219,2020_Townsend,2020,hepta_642,4219,CC(C)C[C@H]1C(=O)N2CCC[C@@H]2C(=O)N(C)[C@@H](CC(C)C)C(=O)N[C@@H](Cc2ccccc2)C(=O)N2CCC[C@@H]2C(=O)N(C)[C@@H](C)C(=O)N[C@H](CC(C)C)C(=O)N1C,7,Circle,-5.05,,,,2.8335,train,train,train,test,train,test,train,test,train,test,0.475,1,1.0,159.75,"[20.31, 20.31, 29.1, 20.31, 20.31, 20.31, 29.1]",159.75,True,0.174148641,-0.778429208,0.30060512,-0.810195
2562,2020_Townsend,2020,hexa_48,2562,CC(C)C[C@H]1NC(=O)C[C@H](Cc2ccccc2)NC(=O)[C@H](Cc2ccccc2)NC(=O)[C@@H](CC(C)C)NC(=O)[C@H]2CCCN2C(=O)C[C@H](Cc2ccccc2)NC1=O,6,Circle,-5.3,,,,4.0155,train,train,valid,test,train,test,train,train,train,train,0.35,1,1.0,165.81,"[29.1, 29.1, 29.1, 20.31, 29.1, 29.1]",165.81,True,0.414439185,-0.732287661,0.2731139,-0.7204128
1660,2016_Furukawa,2016,2.4-01H,1660,CCCCCN1CC(=O)N[C@@H](CC(C)C)C(=O)N[C@@H](CCCC)C(=O)N2CCC[C@@H]2C(=O)N(CC)CC(=O)N[C@H](C)C1=O,6,Circle,-6.84,,,,1.5689,train,train,train,test,train,train,test,train,train,valid,-0.42,0,0.0,148.23,"[29.1, 20.31, 29.1, 29.1, 20.31, 20.31]",148.23,True,-0.082933781,-0.866143831,-0.24535805,-0.8070287
1527,2016_Furukawa,2016,1.10-34,1527,CCCC[C@@H]1NC(=O)[C@H](CC(C)C)N(C)C(=O)CN(CC2CCCCC2)C(=O)[C@H](Cc2ccc3ccccc3c2)NC(=O)CN(Cc2ccccc2Cn2cccn2)C(=O)[C@H]2CCCN2C1=O,6,Circle,-7.83,,,,6.1023,train,train,test,test,valid,train,train,train,train,test,-0.915,0,0.0,157.26,"[29.1, 20.31, 20.31, 29.1, 20.31, 38.13]",157.26,True,0.838667872,-0.797388358,-0.8640266,-0.8063408
4836,2020_Townsend,2020,hepta_1259,4836,CC(C)C[C@@H]1NC(=O)[C@H]2CCCN2C(=O)[C@@H](CC(C)C)N(C)C(=O)[C@@H](CC(C)C)N(C)C(=O)[C@@H](C)N(C)C(=O)[C@@H]2CCCN2C(=O)[C@H](Cc2ccccc2)NC1=O,7,Circle,-6.01,,,,2.8335,train,train,train,test,train,train,train,train,train,train,-0.005,0,0.4975,159.75,"[20.31, 20.31, 20.31, 20.31, 20.31, 29.1, 29.1]",159.75,True,0.174148641,-0.778429208,-0.18971935,-0.7725327
1069,2015_Wang,2015,Compound.25,1069,CC(C)C[C@@H]1NC(=O)[C@@H](CC(C)C)NC(=O)[C@@H](CC(C)C)NC(=O)[C@@H](CC(C)C)NC(=O)[C@H](Cc2cc3ccccc3[nH]2)NC(=O)[C@@H]2CCCN2C1=O,6,Circle,-6.55,-6.44,,,3.3234,train,train,train,test,valid,train,test,train,train,train,-0.275,0,0.0,181.6,"[29.1, 29.1, 29.1, 29.1, 20.31, 44.89]",181.6,True,0.273741143,-0.612060761,0.12545769,-0.6602037
5119,2020_Townsend,2020,hepta_1542,5119,CCCN1CC(=O)N(Cc2ccccc2)CC(=O)N[C@@H](CC(C)C)C(=O)N2CCC[C@@H]2C(=O)N[C@H](CC(C)C)C(=O)N[C@@H](Cc2ccccc2)C(=O)N2CCC[C@@H]2C1=O,7,Circle,-5.82,,,,3.0387,test,train,train,test,train,train,valid,train,train,train,0.09,1,0.545,168.54,"[20.31, 20.31, 20.31, 29.1, 20.31, 29.1, 29.1]",168.54,True,0.215864055,-0.711501123,0.054964572,-0.73051435
7067,2021_Kelly,2021,L4_4.4.4.4.1,7067,CC(=O)N[C@@H]1C(=O)N2CCC[C@H]2C(=O)N(C)[C@H](CC(C)C)C(=O)N(C)[C@H](CC(C)C)C(=O)N(C)[C@H](CC(C)C)C(=O)N(C)[C@H](CC(C)C)C(=O)N(C)[C@H](C)C(=O)N[C@@H](CC(C)C)C(=O)N2CCC[C@@H]2C(=O)O[C@@H]1C,10,Lariat,-5.1,,,,3.2886,train,train,train,test,train,train,valid,train,train,train,0.45,1,1.0,226.67,"[17.07, 38.33, 20.31, 20.31, 20.31, 20.31, 20.31, 20.31, 29.1, 20.31]",226.67,True,0.266666599,-0.268892527,0.35803014,-0.25145948
7224,2022_Bhardwaj,2022,D6.8,7224,CC(C)[C@@H]1C(=O)N[C@@H](Cc2ccccc2)C(=O)N2CCC[C@H]2C(=O)N(C)[C@H](Cc2ccccc2)C(=O)N[C@H](C)C(=O)N2CCC[C@H]2C(=O)N1C,6,Circle,-5.58,,,,1.7669,train,train,train,test,train,train,train,train,train,train,0.21,1,0.605,139.44,"[20.31, 29.1, 20.31, 20.31, 29.1, 20.31]",139.44,True,-0.042682065,-0.933071915,0.24074803,-0.7184587
6195,2021_Kelly,2021,L1_16.1.1.3.1.2,6195,CC(=O)N1CCC[C@@H]1C(=O)N(C)[C@H](CC(C)C)C(=O)N[C@@H]1C(=O)N[C@@H](CC(C)C)C(=O)N[C@@H](CC(C)C)C(=O)N(C)[C@@H](CC(C)C)C(=O)N[C@@H](C)C(=O)N[C@H](CC(C)C)C(=O)N2CCC[C@@H]2C(=O)O[C@@H]1C,10,Lariat,-6.86,,,,2.262,test,train,train,test,train,train,train,train,train,train,-0.43,0,0.0,253.04,"[17.07, 20.31, 20.31, 38.33, 29.1, 29.1, 20.31, 29.1, 29.1, 20.31]",253.04,True,0.057967553,-0.068108273,-0.5639964,-0.014056504
3576,2020_Townsend,2020,hexa_1062,3576,C[C@@H]1C(=O)N(Cc2ccccc2)CC(=O)N(Cc2ccccc2)CC(=O)N2CCC[C@@H]2C(=O)N(Cc2ccccc2)CC(=O)N[C@@H](Cc2ccccc2)C(=O)N1C,6,Circle,-6.28,,,,3.6518,train,train,train,test,train,valid,train,train,train,train,-0.14,0,0.43,130.65,"[20.31, 20.31, 20.31, 20.31, 20.31, 29.1]",130.65,True,0.340502069,-1.0,-0.14755028,-0.97546625
3009,2020_Townsend,2020,hexa_495,3009,CC(C)C[C@@H]1NC(=O)[C@@H]2CCCN2C(=O)C[C@H](Cc2ccccc2)NC(=O)[C@H](CC(C)C)N(C)C(=O)[C@@H](C)NC(=O)[C@H](Cc2ccccc2)NC1=O,6,Circle,-6.0,,,,2.7448,test,valid,train,test,train,train,train,train,train,train,0.0,0,0.5,157.02,"[29.1, 20.31, 29.1, 20.31, 29.1, 29.1]",157.02,True,0.156116685,-0.799215746,-0.013374183,-0.7623942
804,2013_CHUGAI,2013,DP-839,804,C=C1CCC(=O)N[C@@H](COC(C)(C)C)C(=O)N(CCC)CC(=O)N(C)[C@@H](CC(C)C)C(=O)N[C@@H]([C@@H](C)O)C(=O)N(C)[C@@H](Cc2ccccc2)C(=O)N(C)[C@@H](CC(C)C)C(=O)N(C)[C@@H]([C@@H](C)CC)C(=O)N(C)[C@@H](C)C(=O)N[C@H](C(=O)N2CCCCC2)Cc2ccc1cc2,10,Lariat,-4.62,,,,5.4734,train,train,train,test,train,train,train,test,train,train,0.69,1,1.0,258.93,"[38.33, 20.31, 20.31, 38.33, 20.31, 20.31, 20.31, 20.31, 46.17, 3.24]",247.93,True,0.710817852,-0.023261126,0.66153514,-0.11112614
2522,2020_Townsend,2020,hexa_8,2522,CC(C)C[C@H]1NC(=O)[C@H]2CCCN2C(=O)[C@@H](CC(C)C)N(C)C(=O)[C@@H](CC(C)C)NC(=O)C[C@H](Cc2ccccc2)NC(=O)[C@H](Cc2ccccc2)NC1=O,6,Circle,-5.12,,,,3.771,valid,train,train,test,train,train,train,train,train,train,0.44,1,1.0,157.02,"[29.1, 29.1, 20.31, 20.31, 29.1, 29.1]",157.02,True,0.364734415,-0.799215746,0.19501488,-0.81360817
1312,2016_Furukawa,2016,1.5-19,1312,CCCC[C@@H]1NC(=O)[C@H](CC(C)C)N(C)C(=O)CN(CCCc2ccccc2)C(=O)[C@H](CC(C)C)NC(=O)CN(CCN2CCOCC2)C(=O)[C@H]2CCCN2C1=O,6,Circle,-5.31,,,,2.6922,train,train,train,test,train,train,train,train,train,train,0.345,1,1.0,151.91,"[29.1, 20.31, 20.31, 29.1, 20.31, 32.78]",151.91,True,0.145423553,-0.838123882,0.30618188,-0.7600106
5512,2020_Townsend,2020,hepta_1935,5512,CC(C)C[C@H]1C(=O)N[C@@H](Cc2ccccc2)CC(=O)N2CCC[C@H]2C(=O)N(C)[C@@H](CC(C)C)C(=O)N[C@@H](Cc2ccccc2)C(=O)N2CCC[C@H]2C(=O)N[C@@H](C)C(=O)N1C,7,Circle,-5.78,,,,3.078,train,train,train,test,train,train,train,train,train,train,0.11,1,0.555,168.54,"[20.31, 29.1, 20.31, 29.1, 20.31, 20.31, 29.1]",168.54,True,0.223853411,-0.711501123,0.23819873,-0.71883905
5218,2020_Townsend,2020,hepta_1641,5218,CC(C)C[C@@H]1NC(=O)C[C@H](Cc2ccccc2)NC(=O)[C@@H]2CCCN2C(=O)[C@H](Cc2ccccc2)NC(=O)[C@H](CC(C)C)N(C)C(=O)[C@@H]2CCCN2C(=O)[C@H](CC(C)C)N(C)C1=O,7,Circle,-5.28,,,,4.1042,train,train,train,test,train,train,train,train,train,train,0.36,1,1.0,168.54,"[20.31, 29.1, 29.1, 20.31, 20.31, 20.31, 29.1]",168.54,True,0.43247114,-0.711501123,0.23620564,-0.724409
3376,2020_Townsend,2020,hexa_862,3376,CC(C)C[C@H]1C(=O)N[C@@H](Cc2ccccc2)C(=O)N(C)[C@H](C)C(=O)N(C)[C@H](CC(C)C)C(=O)N(C)[C@@H](CC(C)C)C(=O)N2CCC[C@H]2C(=O)N1C,6,Circle,-4.77,,,,3.1847,train,train,train,test,train,train,train,train,train,train,0.615,1,1.0,130.65,"[20.31, 20.31, 20.31, 20.31, 20.31, 29.1]",130.65,True,0.245544613,-1.0,0.5763145,-1.0177854
988,2015_Bockus_2,2015,cpd.7,988,CC[C@@H](C)[C@@H]1NC(=O)[C@@H]2CCCN2C(=O)[C@H]([C@@H](C)O)NC(=O)[C@@H]2CCCN2C(=O)[C@H](Cc2ccccc2)NC(=O)[C@H](C)NC(=O)c2csc1n2,6,Circle,-6.7,-6.4,,,1.0535,train,train,train,test,train,test,train,test,train,train,-0.35,0,0.0,190.14,"[41.99, 29.1, 29.1, 20.31, 38.33, 20.31]",179.14,True,-0.187710216,-0.547036205,0.093080945,-0.6007893
7408,2022_Taechalertpaisarn,2022,ID.3-Pye2(Abu5),7408,CC[C@@H]1NC(=O)[C@@H](CC(C)C)NC(=O)[C@H](CC(C)C)NC(=O)[C@@H](CCC(=O)N2CCCC2)NC(=O)[C@H]2CCCN2C(=O)[C@H](CC(C)C)NC1=O,6,Circle,-6.71,,,,1.3659,train,test,train,test,train,train,train,train,train,train,-0.355,0,0.0,186.12,"[20.31, 49.41, 29.1, 29.1, 29.1, 29.1]",186.12,True,-0.124201954,-0.577644954,-0.260079,-0.5614737
3617,2020_Townsend,2020,hepta_40,3617,CCCN1CC(=O)N(C)[C@H](CC(C)C)C(=O)N(C)[C@@H](CC(C)C)C(=O)N2CCC[C@H]2C(=O)N(C)[C@H](CC(C)C)C(=O)N[C@@H](Cc2ccccc2)C(=O)N2CCC[C@@H]2C1=O,7,Circle,-4.94,,,,3.5674,train,train,train,test,train,test,train,train,train,train,0.53,1,1.0,150.96,"[20.31, 20.31, 20.31, 20.31, 20.31, 20.31, 29.1]",150.96,True,0.323344267,-0.845357292,0.3646343,-0.84476113
2568,2020_Townsend,2020,hexa_54,2568,CC(C)C[C@H]1C(=O)N[C@H](CC(C)C)C(=O)N2CCC[C@@H]2C(=O)N(Cc2ccccc2)CC(=O)N[C@@H](Cc2ccccc2)C(=O)N[C@@H](Cc2ccccc2)CC(=O)N1C,6,Circle,-6.19,,,,4.2689,train,test,train,test,valid,train,train,train,train,train,-0.095,0,0.4525,148.23,"[29.1, 20.31, 29.1, 20.31, 20.31, 29.1]",148.23,True,0.465953249,-0.866143831,0.19620174,-0.92377186
6052,2021_Kelly,2021,L1_14.1.4.4.3.2,6052,CC(=O)N1CCC[C@H]1C(=O)N(C)[C@H](CC(C)C)C(=O)N[C@@H]1C(=O)N[C@@H](CC(C)C)C(=O)N(C)[C@H](CC(C)C)C(=O)N(C)[C@H](CC(C)C)C(=O)N(C)[C@@H](C)C(=O)N[C@H](CC(C)C)C(=O)N2CCC[C@@H]2C(=O)O[C@@H]1C,10,Lariat,-5.71,,,,2.9464,train,train,train,test,train,test,valid,train,train,train,0.145,1,0.5725,235.46,"[17.07, 20.31, 20.31, 38.33, 29.1, 20.31, 20.31, 20.31, 29.1, 20.31]",235.46,True,0.19710025,-0.201964442,0.18477924,-0.1363055
4662,2020_Townsend,2020,hepta_1085,4662,CC(C)C[C@H]1C(=O)N[C@@H](Cc2ccccc2)C(=O)N2CCC[C@H]2C(=O)N(C)[C@@H](C)C(=O)N[C@H](CC(C)C)C(=O)N(C)[C@@H](CC(C)C)C(=O)N2CCC[C@H]2C(=O)N1C,7,Circle,-5.59,,,,2.8335,test,train,train,test,train,train,test,train,train,train,0.205,1,0.6025,159.75,"[20.31, 20.31, 29.1, 20.31, 20.31, 20.31, 29.1]",159.75,True,0.174148641,-0.778429208,0.28647506,-0.80057824
4126,2020_Townsend,2020,hepta_549,4126,CC(C)C[C@@H]1NC(=O)[C@@H]2CCCN2C(=O)[C@@H](CC(C)C)N(C)C(=O)[C@H](CC(C)C)N(C)C(=O)[C@@H](C)N(C)C(=O)[C@H]2CCCN2C(=O)[C@H](Cc2ccccc2)NC1=O,7,Circle,-6.08,,,,2.8335,train,train,train,test,train,test,test,train,train,train,-0.04,0,0.48,159.75,"[20.31, 20.31, 20.31, 20.31, 20.31, 29.1, 29.1]",159.75,True,0.174148641,-0.778429208,0.1215562,-0.786182
2612,2020_Townsend,2020,hexa_98,2612,CC(C)C[C@@H]1NC(=O)C[C@H](Cc2ccccc2)NC(=O)[C@H](Cc2ccccc2)NC(=O)[C@@H](CC(C)C)N(C)C(=O)[C@@H]2CCCN2C(=O)[C@H](CC(C)C)NC1=O,6,Circle,-5.54,,,,3.771,test,train,train,test,train,train,valid,train,train,train,0.23,1,0.615,157.02,"[29.1, 29.1, 29.1, 20.31, 20.31, 29.1]",157.02,True,0.364734415,-0.799215746,0.2342241,-0.7899077
6458,2021_Kelly,2021,L1_4.4.2.1.1.1,6458,CC(=O)N1CCC[C@@H]1C(=O)N(C)[C@@H](CC(C)C)C(=O)N[C@@H]1C(=O)N(C)[C@H](CC(C)C)C(=O)N[C@H](CC(C)C)C(=O)N[C@@H](CC(C)C)C(=O)N[C@@H](C)C(=O)N[C@@H](CC(C)C)C(=O)N2CCC[C@@H]2C(=O)O[C@@H]1C,10,Lariat,-6.87,,,,2.262,train,train,train,test,train,train,train,test,train,test,-0.435,0,0.0,253.04,"[17.07, 20.31, 20.31, 38.33, 20.31, 29.1, 29.1, 29.1, 29.1, 20.31]",253.04,True,0.057967553,-0.068108273,-0.3156299,-0.00010700524
942,2015_Ahlbach,2015,Destruxin A,942,C=CC[C@H]1OC(=O)CCNC(=O)[C@H](C)N(C)C(=O)[C@H](C(C)C)N(C)C(=O)[C@H]([C@@H](C)CC)NC(=O)[C@@H]2CCCN2C1=O,6,Circle,-6.29,,,,0.846,train,train,valid,test,train,train,train,train,train,train,-0.145,0,0.4275,145.43,"[26.3, 20.31, 29.1, 20.31, 20.31, 29.1]",145.43,True,-0.229893201,-0.887463357,0.17409211,-0.76136416
3193,2020_Townsend,2020,hexa_679,3193,CC(C)C[C@@H]1NC(=O)[C@@H](C)NC(=O)[C@H](Cc2ccccc2)NC(=O)[C@H](CC(C)C)N(C)C(=O)[C@H]2CCCN2C(=O)CN(Cc2ccccc2)C1=O,6,Circle,-5.04,,,,2.656,valid,valid,test,test,train,train,train,test,train,valid,0.48,1,1.0,148.23,"[29.1, 29.1, 20.31, 20.31, 20.31, 29.1]",148.23,True,0.138064401,-0.866143831,-0.041681416,-0.85466754
6314,2021_Kelly,2021,L1_3.1.1.2.1.1,6314,CC(=O)N1CCC[C@@H]1C(=O)N(C)[C@@H](CC(C)C)C(=O)N[C@@H]1C(=O)N[C@@H](CC(C)C)C(=O)N[C@@H](CC(C)C)C(=O)N[C@H](CC(C)C)C(=O)N[C@@H](C)C(=O)N[C@@H](CC(C)C)C(=O)N2CCC[C@H]2C(=O)O[C@@H]1C,10,Lariat,-6.84,,,,1.9198,train,valid,valid,test,train,train,train,valid,train,train,-0.42,0,0.0,261.83,"[17.07, 20.31, 20.31, 38.33, 29.1, 29.1, 29.1, 29.1, 29.1, 20.31]",261.83,True,-0.011598796,-0.001180188,-0.3632295,-0.03996232
3788,2020_Townsend,2020,hepta_211,3788,CC(C)C[C@@H]1NC(=O)[C@@H](C)NC(=O)[C@H]2CCCN2C(=O)[C@H](Cc2ccccc2)NC(=O)CN(Cc2ccccc2)C(=O)[C@@H]2CCCN2C(=O)[C@@H](CC(C)C)N(C)C1=O,7,Circle,-5.72,,,,2.647,valid,train,train,test,train,train,train,train,train,valid,0.14,1,0.57,168.54,"[20.31, 29.1, 29.1, 20.31, 20.31, 20.31, 29.1]",168.54,True,0.136234777,-0.711501123,0.012286294,-0.72293735
1740,2016_Furukawa,2016,2.6-09H,1740,CCCC[C@@H]1NC(=O)[C@@H](CC(C)C)NC(=O)CN(CC2CCOCC2)C(=O)[C@H](Cc2ccccc2)NC(=O)CN(CC)C(=O)[C@H]2CCCN2C1=O,6,Circle,-5.89,,,,2.0281,train,train,train,test,train,train,valid,train,train,train,0.055,1,0.5275,157.46,"[29.1, 29.54, 29.1, 29.1, 20.31, 20.31]",157.46,True,0.010417673,-0.795865535,0.026089497,-0.8438245
5158,2020_Townsend,2020,hepta_1581,5158,CCCN1CC(=O)N(C)[C@H](CC(C)C)C(=O)N(Cc2ccccc2)CC(=O)N2CCC[C@@H]2C(=O)N(C)[C@@H](CC(C)C)C(=O)N[C@@H](Cc2ccccc2)C(=O)N2CCC[C@@H]2C1=O,7,Circle,-5.67,,,,3.7231,train,train,test,test,train,train,train,train,train,valid,0.165,1,0.5825,150.96,"[20.31, 20.31, 20.31, 20.31, 20.31, 20.31, 29.1]",150.96,True,0.354996752,-0.845357292,0.24091227,-0.83680403
5448,2020_Townsend,2020,hepta_1871,5448,CC(C)C[C@@H]1NC(=O)[C@H](C)NC(=O)[C@@H]2CCCN2C(=O)[C@H](Cc2ccccc2)NC(=O)[C@@H](CC(C)C)N(C)C(=O)[C@@H]2CCCN2C(=O)[C@H](CC(C)C)NC1=O,7,Circle,-5.45,,,,2.1491,test,train,test,test,train,train,valid,train,train,valid,0.275,1,1.0,177.33,"[20.31, 29.1, 29.1, 29.1, 20.31, 20.31, 29.1]",177.33,True,0.035015943,-0.644573038,-0.11580768,-0.6976721
4312,2020_Townsend,2020,hepta_735,4312,CC(C)C[C@H]1C(=O)N[C@H](CC(C)C)C(=O)N2CCC[C@@H]2C(=O)N(C)[C@H](CC(C)C)C(=O)N[C@@H](Cc2ccccc2)C(=O)N2CCC[C@@H]2C(=O)N(C)[C@H](C)C(=O)N1C,7,Circle,-5.95,,,,2.8335,train,train,train,test,train,train,train,test,train,train,0.025,1,0.5125,159.75,"[20.31, 20.31, 20.31, 29.1, 20.31, 20.31, 29.1]",159.75,True,0.174148641,-0.778429208,0.15858546,-0.813634
6722,2021_Kelly,2021,L1_9.2.3.2.2.2,6722,CC(=O)N1CCC[C@H]1C(=O)N(C)[C@@H](CC(C)C)C(=O)N[C@@H]1C(=O)N[C@H](CC(C)C)C(=O)N(C)[C@@H](CC(C)C)C(=O)N[C@H](CC(C)C)C(=O)N[C@H](C)C(=O)N[C@H](CC(C)C)C(=O)N2CCC[C@H]2C(=O)O[C@@H]1C,10,Lariat,-5.96,,,,2.262,train,valid,test,test,train,train,train,train,train,train,0.02,1,0.51,253.04,"[17.07, 20.31, 20.31, 38.33, 29.1, 20.31, 29.1, 29.1, 29.1, 20.31]",253.04,True,0.057967553,-0.068108273,-0.049371287,-0.060547724
1141,2016_Furukawa,2016,1.1-08,1141,CCCCCN1CC(=O)N(C)[C@@H](CC(C)C)C(=O)N[C@@H](CCCC)C(=O)N2CCC[C@@H]2C(=O)N(CC)CC(=O)N[C@@H](CC(C)C)C1=O,6,Circle,-4.94,,,,2.9373,train,train,test,test,train,test,train,train,train,train,0.53,1,1.0,139.44,"[29.1, 20.31, 20.31, 29.1, 20.31, 20.31]",139.44,True,0.195250298,-0.933071915,0.48648492,-0.94772077
3441,2020_Townsend,2020,hexa_927,3441,CC(C)C[C@H]1NC(=O)[C@H]2CCCN2C(=O)CN(Cc2ccccc2)C(=O)[C@@H](CC(C)C)NC(=O)[C@H](C)N(C)C(=O)[C@H](Cc2ccccc2)NC1=O,6,Circle,-5.2,,,,2.656,test,train,valid,test,train,train,train,valid,train,train,0.4,1,1.0,148.23,"[20.31, 29.1, 20.31, 20.31, 29.1, 29.1]",148.23,True,0.138064401,-0.866143831,0.12127905,-0.894953
3959,2020_Townsend,2020,hepta_382,3959,CC(C)C[C@@H]1C(=O)N(Cc2ccccc2)CC(=O)N2CCC[C@@H]2C(=O)N(C)[C@H](CC(C)C)C(=O)N[C@@H](Cc2ccccc2)C(=O)N2CCC[C@@H]2C(=O)N[C@H](C)C(=O)N1C,7,Circle,-5.78,,,,2.9892,train,test,train,test,train,test,train,valid,train,train,0.11,1,0.555,159.75,"[20.31, 29.1, 20.31, 20.31, 20.31, 20.31, 29.1]",159.75,True,0.205801126,-0.778429208,0.0032354295,-0.7598424
6059,2021_Kelly,2021,L1_14.2.1.4.4.2,6059,CC(=O)N1CCC[C@H]1C(=O)N(C)[C@H](CC(C)C)C(=O)N[C@@H]1C(=O)N[C@H](CC(C)C)C(=O)N[C@@H](CC(C)C)C(=O)N(C)[C@H](CC(C)C)C(=O)N(C)[C@H](C)C(=O)N[C@H](CC(C)C)C(=O)N2CCC[C@@H]2C(=O)O[C@@H]1C,10,Lariat,-5.77,,,,2.6042,train,train,train,test,train,train,train,train,train,train,0.115,1,0.5575,244.25,"[17.07, 20.31, 20.31, 38.33, 29.1, 29.1, 20.31, 20.31, 29.1, 20.31]",244.25,True,0.127533901,-0.135036357,0.118511036,-0.060679138
3014,2020_Townsend,2020,hexa_500,3014,CC(C)C[C@H]1C(=O)N[C@@H](Cc2ccccc2)CC(=O)N2CCC[C@H]2C(=O)N(C)[C@H](CC(C)C)C(=O)N[C@@H](Cc2ccccc2)C(=O)N[C@H](C)C(=O)N1C,6,Circle,-5.58,,,,3.087,train,train,train,test,train,train,train,train,train,train,0.21,1,0.605,148.23,"[29.1, 20.31, 29.1, 20.31, 20.31, 29.1]",148.23,True,0.225683034,-0.866143831,0.31721163,-0.84890693
6362,2021_Kelly,2021,L1_3.3.4.2.3.1,6362,CC(=O)N1CCC[C@@H]1C(=O)N(C)[C@@H](CC(C)C)C(=O)N[C@@H]1C(=O)N(C)[C@@H](CC(C)C)C(=O)N(C)[C@H](CC(C)C)C(=O)N[C@H](CC(C)C)C(=O)N(C)[C@@H](C)C(=O)N[C@@H](CC(C)C)C(=O)N2CCC[C@H]2C(=O)O[C@@H]1C,10,Lariat,-5.82,,,,2.9464,test,train,train,test,train,train,train,train,train,train,0.09,1,0.545,235.46,"[17.07, 20.31, 20.31, 38.33, 20.31, 20.31, 29.1, 20.31, 29.1, 20.31]",235.46,True,0.19710025,-0.201964442,0.13519499,-0.18286462
5073,2020_Townsend,2020,hepta_1496,5073,CC(C)C[C@H]1C(=O)N[C@@H](Cc2ccccc2)CC(=O)N2CCC[C@@H]2C(=O)N(C)[C@H](CC(C)C)C(=O)N[C@@H](Cc2ccccc2)C(=O)N2CCC[C@@H]2C(=O)N[C@@H](Cc2ccccc2)CC(=O)N1C,7,Circle,-5.55,,,,4.6909,train,train,train,test,train,train,train,train,train,train,0.225,1,0.6125,168.54,"[20.31, 29.1, 20.31, 29.1, 20.31, 20.31, 29.1]",168.54,True,0.551742259,-0.711501123,0.0889352,-0.7404197
1385,2016_Furukawa,2016,1.7-12,1385,CCCC[C@@H]1NC(=O)[C@H](CC(C)C)N(C)C(=O)CN(CCCN2CCCC2=O)C(=O)[C@H](C)NC(=O)CN(CCCCc2ccccc2)C(=O)[C@H]2CCCN2C1=O,6,Circle,-6.22,,,,2.7364,train,train,train,test,train,train,test,train,train,valid,-0.11,0,0.445,159.75,"[29.1, 40.62, 20.31, 29.1, 20.31, 20.31]",159.75,True,0.154409037,-0.778429208,0.1800123,-0.76416814
3988,2020_Townsend,2020,hepta_411,3988,CC(C)C[C@H]1NC(=O)[C@@H]2CCCN2C(=O)[C@@H](CC(C)C)NC(=O)[C@@H](CC(C)C)N(C)C(=O)[C@H](C)N(C)C(=O)[C@H]2CCCN2C(=O)[C@H](Cc2ccccc2)NC1=O,7,Circle,-6.54,,,,2.4913,train,train,train,test,test,train,train,train,train,valid,-0.27,0,0.0,168.54,"[20.31, 20.31, 20.31, 29.1, 20.31, 29.1, 29.1]",168.54,True,0.104582292,-0.711501123,0.14713931,-0.71662253
3166,2020_Townsend,2020,hexa_652,3166,CC(C)C[C@@H]1NC(=O)[C@@H](CC(C)C)NC(=O)[C@@H](C)NC(=O)[C@H](Cc2ccccc2)NC(=O)CN(Cc2ccccc2)C(=O)[C@H]2CCCN2C1=O,6,Circle,-5.48,,,,2.3138,train,train,train,test,train,train,train,train,train,train,0.26,1,1.0,157.02,"[29.1, 29.1, 29.1, 20.31, 20.31, 29.1]",157.02,True,0.068498052,-0.799215746,0.08519797,-0.8406058
2990,2020_Townsend,2020,hexa_476,2990,CC(C)C[C@@H]1NC(=O)[C@@H]2CCCN2C(=O)CN(Cc2ccccc2)C(=O)[C@@H](CC(C)C)N(C)C(=O)[C@@H](C)NC(=O)[C@H](Cc2ccccc2)NC1=O,6,Circle,-6.09,,,,2.656,valid,train,train,test,train,train,train,test,train,train,-0.045,0,0.4775,148.23,"[29.1, 20.31, 20.31, 20.31, 29.1, 29.1]",148.23,True,0.138064401,-0.866143831,-0.21318504,-0.9028835
6339,2021_Kelly,2021,L1_3.2.2.1.1.1,6339,CC(=O)N1CCC[C@@H]1C(=O)N(C)[C@@H](CC(C)C)C(=O)N[C@@H]1C(=O)N[C@H](CC(C)C)C(=O)N[C@H](CC(C)C)C(=O)N[C@@H](CC(C)C)C(=O)N[C@@H](C)C(=O)N[C@@H](CC(C)C)C(=O)N2CCC[C@H]2C(=O)O[C@@H]1C,10,Lariat,-6.53,,,,1.9198,train,test,train,test,train,train,train,train,train,valid,-0.265,0,0.0,261.83,"[17.07, 20.31, 20.31, 38.33, 29.1, 29.1, 29.1, 29.1, 29.1, 20.31]",261.83,True,-0.011598796,-0.001180188,-0.3214003,-0.004768178
6654,2021_Kelly,2021,L1_7.4.4.3.3.1,6654,CC(=O)N1CCC[C@@H]1C(=O)N(C)[C@H](CC(C)C)C(=O)N[C@@H]1C(=O)N(C)[C@H](CC(C)C)C(=O)N(C)[C@H](CC(C)C)C(=O)N(C)[C@@H](CC(C)C)C(=O)N(C)[C@@H](C)C(=O)N[C@@H](CC(C)C)C(=O)N2CCC[C@H]2C(=O)O[C@@H]1C,10,Lariat,-5.72,,,,3.2886,train,test,train,test,train,train,train,train,train,train,0.14,1,0.57,226.67,"[17.07, 20.31, 20.31, 38.33, 20.31, 20.31, 20.31, 20.31, 29.1, 20.31]",226.67,True,0.266666599,-0.268892527,0.21742763,-0.29073158
1513,2016_Furukawa,2016,1.10-20,1513,CCCC[C@@H]1NC(=O)[C@H](CC(C)C)N(C)C(=O)CN(CCOc2ccccc2)C(=O)[C@H](CC(C)C)NC(=O)CN(Cc2ccccc2Cn2cccn2)C(=O)[C@H]2CCCN2C1=O,6,Circle,-6.23,,,,4.2512,train,train,train,test,train,train,train,valid,train,train,-0.115,0,0.4425,166.49,"[29.1, 29.54, 20.31, 29.1, 20.31, 38.13]",166.49,True,0.46235499,-0.727110062,-0.087539196,-0.7671859
5273,2020_Townsend,2020,hepta_1696,5273,CCCN1CC(=O)N(C)[C@@H](CC(C)C)C(=O)N[C@H](CC(C)C)C(=O)N2CCC[C@H]2C(=O)N[C@@H](CC(C)C)C(=O)N[C@@H](Cc2ccccc2)C(=O)N2CCC[C@H]2C1=O,7,Circle,-6.05,,,,2.883,train,train,valid,test,train,train,train,train,train,valid,-0.025,0,0.4875,168.54,"[20.31, 20.31, 20.31, 29.1, 20.31, 29.1, 29.1]",168.54,True,0.18421157,-0.711501123,0.16729535,-0.75181544
5892,2021_Kelly,2021,L1_11.2.4.2.4.2,5892,CC(=O)N1CCC[C@@H]1C(=O)N(C)[C@@H](CC(C)C)C(=O)N[C@@H]1C(=O)N[C@H](CC(C)C)C(=O)N(C)[C@H](CC(C)C)C(=O)N[C@H](CC(C)C)C(=O)N(C)[C@H](C)C(=O)N[C@H](CC(C)C)C(=O)N2CCC[C@H]2C(=O)O[C@@H]1C,10,Lariat,-5.47,,,,2.6042,train,train,valid,test,train,train,test,train,train,train,0.265,1,1.0,244.25,"[17.07, 20.31, 20.31, 38.33, 29.1, 20.31, 29.1, 20.31, 29.1, 20.31]",244.25,True,0.127533901,-0.135036357,0.22731256,-0.103500634
5540,2020_Townsend,2020,hepta_1963,5540,CC(C)C[C@H]1C(=O)N2CCC[C@@H]2C(=O)N(Cc2ccccc2)CC(=O)N[C@@H](Cc2ccccc2)C(=O)N2CCC[C@H]2C(=O)N[C@H](C)C(=O)N(C)[C@@H](CC(C)C)C(=O)N1C,7,Circle,-5.57,,,,2.9892,train,train,train,test,train,train,train,train,train,train,0.215,1,0.6075,159.75,"[20.31, 29.1, 20.31, 20.31, 20.31, 20.31, 29.1]",159.75,True,0.205801126,-0.778429208,0.07918812,-0.7264862
2324,2018_Naylor,2018,1NMe3-23Abu(30),2324,CC[C@H]1C(=O)N[C@@H](CC(C)C)C(=O)N2CCC[C@@H]2C(=O)N(C)[C@@H](Cc2ccc(O)cc2)C(=O)N[C@@H](CC(C)C)C(=O)N(C)[C@H](CC)C(=O)N1C,6,Circle,-5.1,,,-4.78,2.3021,valid,train,train,test,train,train,train,train,train,train,0.45,1,1.0,159.67,"[29.1, 20.31, 20.31, 29.1, 20.31, 40.54]",159.67,True,0.066119541,-0.779038337,0.33577755,-0.70691705
7073,2021_Kelly,2021,L5_102,7073,CC(=O)N1CCC[C@H]1C(=O)N(C)[C@H](CC(C)C)C(=O)N[C@@H]1C(=O)N[C@H](Cc2ccccc2)C(=O)N[C@@H](CC(C)C)C(=O)N[C@H](Cc2cccc3ccccc23)C(=O)N(C)[C@H](C)C(=O)N[C@@H](CC(C)C)C(=O)N2CCC[C@H]2C(=O)O[C@@H]1C,10,Lariat,-5.99,,,,3.8084,train,train,train,test,train,train,train,train,train,train,0.005,1,0.5025,253.04,"[17.07, 20.31, 20.31, 38.33, 29.1, 29.1, 29.1, 20.31, 29.1, 20.31]",253.04,True,0.372337517,-0.068108273,0.10374411,-0.15687783
4241,2020_Townsend,2020,hepta_664,4241,CC(C)C[C@H]1C(=O)N(C)[C@@H](CC(C)C)C(=O)N2CCC[C@@H]2C(=O)N(C)[C@H](CC(C)C)C(=O)N[C@@H](Cc2ccccc2)C(=O)N2CCC[C@@H]2C(=O)N(C)[C@@H](C)C(=O)N1C,7,Circle,-4.93,,,,3.1757,train,train,valid,test,train,valid,train,train,train,train,0.535,1,1.0,150.96,"[20.31, 20.31, 20.31, 20.31, 20.31, 20.31, 29.1]",150.96,True,0.243714989,-0.845357292,0.3120476,-0.88272387
6169,2021_Kelly,2021,L1_15.3.1.3.3.2,6169,CC(=O)N1CCC[C@@H]1C(=O)N(C)[C@H](CC(C)C)C(=O)N[C@@H]1C(=O)N(C)[C@@H](CC(C)C)C(=O)N[C@@H](CC(C)C)C(=O)N(C)[C@@H](CC(C)C)C(=O)N(C)[C@@H](C)C(=O)N[C@H](CC(C)C)C(=O)N2CCC[C@H]2C(=O)O[C@@H]1C,10,Lariat,-6.91,,,,2.9464,train,train,train,test,valid,train,test,valid,train,train,-0.455,0,0.0,235.46,"[17.07, 20.31, 20.31, 38.33, 20.31, 29.1, 20.31, 20.31, 29.1, 20.31]",235.46,True,0.19710025,-0.201964442,-0.090160996,-0.1683322
5172,2020_Townsend,2020,hepta_1595,5172,CCCN1CC(=O)N(C)[C@@H](CC(C)C)C(=O)N[C@@H](Cc2ccccc2)CC(=O)N2CCC[C@@H]2C(=O)N(C)[C@@H](CC(C)C)C(=O)N[C@@H](Cc2ccccc2)C(=O)N2CCC[C@@H]2C1=O,7,Circle,-5.5,,,,3.8119,train,train,train,test,train,train,train,train,train,train,0.25,1,0.625,159.75,"[20.31, 20.31, 20.31, 29.1, 20.31, 20.31, 29.1]",159.75,True,0.373049037,-0.778429208,0.18629521,-0.7797532
6771,2021_Kelly,2021,L2_1.1.2.1.1,6771,CC(=O)N1CCC[C@H]1C(=O)N[C@@H]1C(=O)N(C)[C@H](CC(C)C)C(=O)N[C@@H](CC(C)C)C(=O)N[C@@H](CC(C)C)C(=O)N[C@H](CC(C)C)C(=O)N[C@@H](C)C(=O)N[C@@H](CC(C)C)C(=O)N2CCC[C@@H]2C(=O)O[C@@H]1C,10,Lariat,-6.77,,,,1.9198,train,train,train,test,train,train,train,train,train,train,-0.385,0,0.0,261.83,"[17.07, 20.31, 38.33, 20.31, 29.1, 29.1, 29.1, 29.1, 29.1, 20.31]",261.83,True,-0.011598796,-0.001180188,-0.41742355,0.024669036
7029,2021_Kelly,2021,L4_2.3.2.4.1,7029,CC(=O)N[C@@H]1C(=O)N2CCC[C@H]2C(=O)N(C)[C@H](CC(C)C)C(=O)N[C@H](CC(C)C)C(=O)N(C)[C@@H](CC(C)C)C(=O)N[C@H](CC(C)C)C(=O)N(C)[C@H](C)C(=O)N[C@@H](CC(C)C)C(=O)N2CCC[C@@H]2C(=O)O[C@@H]1C,10,Lariat,-5.93,,,,2.6042,test,train,train,test,train,test,train,train,train,train,0.035,1,0.5175,244.25,"[17.07, 38.33, 20.31, 20.31, 29.1, 20.31, 29.1, 20.31, 29.1, 20.31]",244.25,True,0.127533901,-0.135036357,0.26002336,-0.1064322
2888,2020_Townsend,2020,hexa_374,2888,CC(C)C[C@H]1C(=O)N[C@@H](Cc2ccccc2)C(=O)N[C@@H](C)C(=O)N(C)[C@H](CC(C)C)C(=O)N(C)[C@H](CC(C)C)C(=O)N2CCC[C@H]2C(=O)N1C,6,Circle,-5.16,,,,2.8425,train,train,train,test,train,test,train,train,train,train,0.42,1,1.0,139.44,"[29.1, 20.31, 20.31, 20.31, 20.31, 29.1]",139.44,True,0.175978264,-0.933071915,0.42823666,-0.90769637
6401,2021_Kelly,2021,L1_4.1.2.4.1.1,6401,CC(=O)N1CCC[C@@H]1C(=O)N(C)[C@@H](CC(C)C)C(=O)N[C@@H]1C(=O)N[C@@H](CC(C)C)C(=O)N[C@H](CC(C)C)C(=O)N(C)[C@H](CC(C)C)C(=O)N[C@@H](C)C(=O)N[C@@H](CC(C)C)C(=O)N2CCC[C@@H]2C(=O)O[C@@H]1C,10,Lariat,-5.87,,,,2.262,train,train,test,test,train,test,train,train,train,train,0.065,1,0.5325,253.04,"[17.07, 20.31, 20.31, 38.33, 29.1, 29.1, 20.31, 29.1, 29.1, 20.31]",253.04,True,0.057967553,-0.068108273,-0.18804674,-0.028194487
5881,2021_Kelly,2021,L1_11.2.3.1.4.2,5881,CC(=O)N1CCC[C@@H]1C(=O)N(C)[C@@H](CC(C)C)C(=O)N[C@@H]1C(=O)N[C@H](CC(C)C)C(=O)N(C)[C@@H](CC(C)C)C(=O)N[C@@H](CC(C)C)C(=O)N(C)[C@H](C)C(=O)N[C@H](CC(C)C)C(=O)N2CCC[C@H]2C(=O)O[C@@H]1C,10,Lariat,-5.58,,,,2.6042,train,train,train,test,train,train,train,train,train,train,0.21,1,0.605,244.25,"[17.07, 20.31, 20.31, 38.33, 29.1, 20.31, 29.1, 20.31, 29.1, 20.31]",244.25,True,0.127533901,-0.135036357,0.21785355,-0.1304601
1597,2016_Furukawa,2016,2.2-11H,1597,CCCCCN1CC(=O)N[C@@H](CC(C)C)C(=O)N[C@@H](CCCC)C(=O)N2CCC[C@@H]2C(=O)N(Cc2ccc3c(c2)OCO3)CC(=O)N[C@@H](C)C1=O,6,Circle,-5.32,,,,2.4779,train,train,train,test,test,train,train,valid,train,train,0.34,1,1.0,166.69,"[29.1, 20.31, 29.1, 29.1, 20.31, 38.77]",166.69,True,0.101858186,-0.725587239,0.3716767,-0.748987
1489,2016_Furukawa,2016,1.9-36,1489,CCCC[C@@H]1NC(=O)[C@H](CC(C)C)N(C)C(=O)CN(CCc2cccnc2)C(=O)[C@H](Cc2ccc3ccccc3c2)NC(=O)CN(Cc2cc(CC(C)C)on2)C(=O)[C@H]2CCCN2C1=O,6,Circle,-6.93,,,,5.1014,valid,train,train,test,train,train,train,train,train,train,-0.465,0,0.0,178.36,"[29.1, 33.2, 20.31, 29.1, 20.31, 46.34]",178.36,True,0.635193417,-0.636730498,-0.46576595,-0.66578007
3520,2020_Townsend,2020,hexa_1006,3520,CC(C)C[C@H]1C(=O)N[C@H](CC(C)C)C(=O)N2CCC[C@@H]2C(=O)N(C)[C@H](CC(C)C)C(=O)N[C@@H](Cc2ccccc2)C(=O)N(C)[C@H](C)C(=O)N1C,6,Circle,-5.05,,,,2.8425,train,train,train,test,train,train,train,test,valid,train,0.475,1,1.0,139.44,"[20.31, 20.31, 29.1, 20.31, 20.31, 29.1]",139.44,True,0.175978264,-0.933071915,0.54809314,-0.9239175
6280,2021_Kelly,2021,L1_2.2.1.4.3.1,6280,CC(=O)N1CCC[C@H]1C(=O)N(C)[C@@H](CC(C)C)C(=O)N[C@@H]1C(=O)N[C@H](CC(C)C)C(=O)N[C@@H](CC(C)C)C(=O)N(C)[C@H](CC(C)C)C(=O)N(C)[C@@H](C)C(=O)N[C@@H](CC(C)C)C(=O)N2CCC[C@@H]2C(=O)O[C@@H]1C,10,Lariat,-5.24,,,,2.6042,train,train,train,test,train,train,train,test,valid,train,0.38,1,1.0,244.25,"[17.07, 20.31, 20.31, 38.33, 29.1, 29.1, 20.31, 20.31, 29.1, 20.31]",244.25,True,0.127533901,-0.135036357,0.23024967,-0.10086618
4578,2020_Townsend,2020,hepta_1001,4578,CC(C)C[C@H]1NC(=O)[C@@H](CC(C)C)N(C)C(=O)[C@H](C)NC(=O)[C@@H]2CCCN2C(=O)[C@H](Cc2ccccc2)NC(=O)[C@@H](CC(C)C)N(C)C(=O)[C@H]2CCCN2C1=O,7,Circle,-5.69,,,,2.4913,train,train,valid,test,train,train,valid,train,valid,test,0.155,1,0.5775,168.54,"[20.31, 29.1, 20.31, 29.1, 20.31, 20.31, 29.1]",168.54,True,0.104582292,-0.711501123,0.11394945,-0.7399621
7002,2021_Kelly,2021,L4_1.4.2.3.1,7002,CC(=O)N[C@@H]1C(=O)N2CCC[C@H]2C(=O)N(C)[C@H](CC(C)C)C(=O)N[C@@H](CC(C)C)C(=O)N(C)[C@H](CC(C)C)C(=O)N[C@H](CC(C)C)C(=O)N(C)[C@@H](C)C(=O)N[C@@H](CC(C)C)C(=O)N2CCC[C@@H]2C(=O)O[C@@H]1C,10,Lariat,-4.96,,,,2.6042,train,train,valid,test,train,train,train,train,valid,train,0.52,1,1.0,244.25,"[17.07, 38.33, 20.31, 20.31, 29.1, 20.31, 29.1, 20.31, 29.1, 20.31]",244.25,True,0.127533901,-0.135036357,0.23172982,-0.10532187
5914,2021_Kelly,2021,L1_11.4.1.2.4.2,5914,CC(=O)N1CCC[C@@H]1C(=O)N(C)[C@@H](CC(C)C)C(=O)N[C@@H]1C(=O)N(C)[C@H](CC(C)C)C(=O)N[C@@H](CC(C)C)C(=O)N[C@H](CC(C)C)C(=O)N(C)[C@H](C)C(=O)N[C@H](CC(C)C)C(=O)N2CCC[C@H]2C(=O)O[C@@H]1C,10,Lariat,-5.9,,,,2.6042,train,test,train,test,train,test,train,train,valid,train,0.05,1,0.525,244.25,"[17.07, 20.31, 20.31, 38.33, 20.31, 29.1, 29.1, 20.31, 29.1, 20.31]",244.25,True,0.127533901,-0.135036357,0.09606697,-0.10582632
4300,2020_Townsend,2020,hepta_723,4300,CC(C)C[C@H]1C(=O)N2CCC[C@@H]2C(=O)N[C@H](CC(C)C)C(=O)N[C@@H](Cc2ccccc2)C(=O)N2CCC[C@@H]2C(=O)N(C)[C@H](C)C(=O)N[C@H](CC(C)C)C(=O)N1C,7,Circle,-10.0,,,,2.4913,train,train,train,test,test,valid,train,train,valid,train,-1.0,0,0.0,168.54,"[20.31, 20.31, 29.1, 20.31, 20.31, 29.1, 29.1]",168.54,True,0.104582292,-0.711501123,0.11639431,-0.72627735
5195,2020_Townsend,2020,hepta_1618,5195,CC(C)C[C@@H]1NC(=O)[C@@H]2CCCN2C(=O)[C@@H](CC(C)C)N(C)C(=O)[C@H](CC(C)C)NC(=O)C[C@H](Cc2ccccc2)NC(=O)[C@@H]2CCCN2C(=O)[C@H](Cc2ccccc2)NC1=O,7,Circle,-5.33,,,,3.762,train,train,train,test,train,train,train,train,valid,train,0.335,1,1.0,177.33,"[20.31, 29.1, 29.1, 20.31, 20.31, 29.1, 29.1]",177.33,True,0.362904791,-0.644573038,0.17291021,-0.6953242
3733,2020_Townsend,2020,hepta_156,3733,CC(C)C[C@@H]1NC(=O)[C@@H]2CCCN2C(=O)[C@@H](CC(C)C)NC(=O)[C@H](CC(C)C)NC(=O)[C@@H](C)NC(=O)[C@H]2CCCN2C(=O)[C@H](Cc2ccccc2)NC1=O,7,Circle,-5.9,,,,1.8069,train,train,valid,test,train,train,train,train,valid,train,0.05,1,0.525,186.12,"[20.31, 29.1, 29.1, 29.1, 20.31, 29.1, 29.1]",186.12,True,-0.034550406,-0.577644954,-0.30955362,-0.6176477
1362,2016_Furukawa,2016,1.6-29,1362,CCCC[C@@H]1NC(=O)[C@H](CC(C)C)N(C)C(=O)CN(CCOc2ccccc2)C(=O)[C@H](Cc2ccccc2)NC(=O)CN(Cc2ccc(Cl)cc2)C(=O)[C@H]2CCCN2C1=O,6,Circle,-8.36,,,,4.8564,train,train,train,test,train,train,train,train,valid,train,-1.0,0,0.0,148.67,"[29.1, 29.54, 20.31, 29.1, 20.31, 20.31]",148.67,True,0.585387001,-0.862793619,-0.99713224,-0.90840167
1701,2016_Furukawa,2016,2.5-06H,1701,CCCC[C@@H]1NC(=O)[C@@H](CC(C)C)NC(=O)CN(CC2CCCCC2)C(=O)[C@H](C)NC(=O)CN(CCCOC(C)C)C(=O)[C@@H]2CCCN2C1=O,6,Circle,-5.29,,,,2.7542,train,train,train,test,train,train,test,train,valid,train,0.355,1,1.0,157.46,"[29.1, 20.31, 29.1, 29.1, 20.31, 29.54]",157.46,True,0.158027625,-0.795865535,0.34426886,-0.7578511
6151,2021_Kelly,2021,L1_15.2.3.4.1.2,6151,CC(=O)N1CCC[C@@H]1C(=O)N(C)[C@H](CC(C)C)C(=O)N[C@@H]1C(=O)N[C@H](CC(C)C)C(=O)N(C)[C@@H](CC(C)C)C(=O)N(C)[C@H](CC(C)C)C(=O)N[C@@H](C)C(=O)N[C@H](CC(C)C)C(=O)N2CCC[C@H]2C(=O)O[C@@H]1C,10,Lariat,-5.52,,,,2.6042,train,train,valid,test,train,train,train,train,valid,train,0.24,1,0.62,244.25,"[17.07, 20.31, 20.31, 38.33, 29.1, 20.31, 20.31, 29.1, 29.1, 20.31]",244.25,True,0.127533901,-0.135036357,0.10184057,-0.12626635
5053,2020_Townsend,2020,hepta_1476,5053,CC(C)C[C@H]1C(=O)N[C@@H](Cc2ccccc2)C(=O)N2CCC[C@@H]2C(=O)N[C@@H](Cc2ccccc2)CC(=O)N[C@H](CC(C)C)C(=O)N(Cc2ccccc2)CC(=O)N2CCC[C@@H]2C(=O)N1C,7,Circle,-5.62,,,,4.2599,train,train,valid,test,train,train,train,train,valid,train,0.19,1,0.595,168.54,"[20.31, 29.1, 29.1, 20.31, 20.31, 20.31, 29.1]",168.54,True,0.464123626,-0.711501123,0.1971066,-0.7812824
5503,2020_Townsend,2020,hepta_1926,5503,CC(C)C[C@H]1NC(=O)[C@@H]2CCCN2C(=O)CN(Cc2ccccc2)C(=O)CN(Cc2ccccc2)C(=O)[C@H](C)NC(=O)[C@@H]2CCCN2C(=O)[C@H](Cc2ccccc2)NC1=O,7,Circle,-10.0,,,,2.8027,train,valid,test,test,train,train,valid,train,valid,train,-1.0,0,0.0,168.54,"[20.31, 29.1, 20.31, 20.31, 20.31, 29.1, 29.1]",168.54,True,0.167887263,-0.711501123,-0.5758982,-0.763059
2363,2018_Naylor,2018,1NMe3-5Ala6F(70),2363,CC(C)C[C@@H]1NC(=O)[C@H](CC(C)C)N(C)C(=O)[C@@H](CC(C)C)N(C)C(=O)[C@H](CC(C)C)NC(=O)[C@H](Cc2ccccc2)N(C)C(=O)[C@@H](C)N(C)C1=O,6,Circle,-6.34,,,-4.9,3.7246,train,valid,valid,test,train,train,test,train,valid,train,-0.17,0,0.415,139.44,"[29.1, 20.31, 20.31, 29.1, 20.31, 20.31]",139.44,True,0.35530169,-0.933071915,-0.27245995,-0.65561575
5563,2020_Townsend,2020,hepta_1986,5563,CC(C)C[C@@H]1NC(=O)[C@H](C)N(C)C(=O)[C@@H]2CCCN2C(=O)[C@H](Cc2ccccc2)NC(=O)CN(Cc2ccccc2)C(=O)[C@H]2CCCN2C(=O)[C@@H](CC(C)C)NC1=O,7,Circle,-5.82,,,,2.647,train,test,train,test,train,train,train,train,valid,train,0.09,1,0.545,168.54,"[20.31, 20.31, 29.1, 29.1, 20.31, 20.31, 29.1]",168.54,True,0.136234777,-0.711501123,-0.19576961,-0.7367742
5166,2020_Townsend,2020,hepta_1589,5166,CCCN1CC(=O)N[C@@H](CC(C)C)C(=O)N[C@@H](Cc2ccccc2)CC(=O)N2CCC[C@@H]2C(=O)N(C)[C@@H](CC(C)C)C(=O)N[C@@H](Cc2ccccc2)C(=O)N2CCC[C@@H]2C1=O,7,Circle,-5.64,,,,3.4697,train,train,valid,test,test,train,train,train,valid,train,0.18,1,0.59,168.54,"[20.31, 20.31, 29.1, 29.1, 20.31, 20.31, 29.1]",168.54,True,0.303482688,-0.711501123,0.1255646,-0.71559167
2979,2020_Townsend,2020,hexa_465,2979,CC(C)C[C@@H]1NC(=O)[C@@H]2CCCN2C(=O)[C@H](CC(C)C)NC(=O)CN(Cc2ccccc2)C(=O)[C@@H](C)NC(=O)[C@H](Cc2ccccc2)NC1=O,6,Circle,-6.08,,,,2.3138,train,train,train,test,train,valid,train,train,valid,train,-0.04,0,0.48,157.02,"[29.1, 20.31, 29.1, 20.31, 29.1, 29.1]",157.02,True,0.068498052,-0.799215746,-0.08031189,-0.7921169
3420,2020_Townsend,2020,hexa_906,3420,CC(C)C[C@H]1NC(=O)[C@H]2CCCN2C(=O)[C@@H](CC(C)C)N(C)C(=O)[C@@H](CC(C)C)NC(=O)[C@H](C)N(C)C(=O)[C@H](Cc2ccccc2)NC1=O,6,Circle,-4.99,,,,2.5003,valid,test,train,test,train,train,train,train,valid,train,0.505,1,1.0,148.23,"[20.31, 29.1, 20.31, 20.31, 29.1, 29.1]",148.23,True,0.106411915,-0.866143831,0.00912109,-0.89183193
4822,2020_Townsend,2020,hepta_1245,4822,CC(C)C[C@H]1C(=O)N2CCC[C@@H]2C(=O)N[C@H](CC(C)C)C(=O)N[C@@H](Cc2ccccc2)C(=O)N2CCC[C@H]2C(=O)N(C)[C@H](C)C(=O)N[C@H](CC(C)C)C(=O)N1C,7,Circle,-5.68,,,,2.4913,train,train,train,test,train,train,train,train,valid,train,0.16,1,0.58,168.54,"[20.31, 20.31, 29.1, 20.31, 20.31, 29.1, 29.1]",168.54,True,0.104582292,-0.711501123,0.19834402,-0.7439735
3271,2020_Townsend,2020,hexa_757,3271,CC(C)C[C@H]1C(=O)N[C@@H](Cc2ccccc2)C(=O)N(C)[C@@H](C)C(=O)N(C)[C@H](CC(C)C)C(=O)N(C)[C@H](CC(C)C)C(=O)N2CCC[C@H]2C(=O)N1C,6,Circle,-4.4,,,,3.1847,train,train,train,test,train,train,valid,valid,valid,train,0.8,1,1.0,130.65,"[20.31, 20.31, 20.31, 20.31, 20.31, 29.1]",130.65,True,0.245544613,-1.0,0.6405746,-0.956794
3515,2020_Townsend,2020,hexa_1001,3515,CC(C)C[C@@H]1NC(=O)[C@H]2CCCN2C(=O)[C@H](CC(C)C)NC(=O)[C@H](CC(C)C)N(C)C(=O)[C@@H](C)N(C)C(=O)[C@H](Cc2ccccc2)NC1=O,6,Circle,-5.4,,,,2.5003,test,train,train,test,train,test,train,valid,valid,train,0.3,1,1.0,148.23,"[20.31, 20.31, 29.1, 20.31, 29.1, 29.1]",148.23,True,0.106411915,-0.866143831,0.3403496,-0.82448924
7209,2021_Wang,2021,CDP 17,7209,CC(C)C[C@@H]1NC(=O)[C@H](C(C)C)N(C)C(=O)[C@@H](C)N(C)C(=O)[C@H](CC(C)C)NC(=O)[C@H](C)N(C)C(=O)[C@H](CC(C)C)NC(=O)[C@H](C(C)C)N(C)C(=O)[C@@H](C)N(C)C(=O)[C@H](CC(C)C)NC(=O)[C@H](C)N(C)C1=O,10,Circle,-4.8,,,,2.4772,train,train,train,test,train,train,test,train,valid,train,0.6,1,1.0,238.26,"[29.1, 20.31, 29.1, 20.31, 20.31, 29.1, 20.31, 29.1, 20.31, 20.31]",238.26,True,0.101715882,-0.180644916,0.83428496,-0.2442689
5105,2020_Townsend,2020,hepta_1528,5105,CCCN1CC(=O)N(C)[C@H](CC(C)C)C(=O)N[C@H](CC(C)C)C(=O)N2CCC[C@@H]2C(=O)N(C)[C@H](CC(C)C)C(=O)N[C@@H](Cc2ccccc2)C(=O)N2CCC[C@@H]2C1=O,7,Circle,-5.24,,,,3.2252,train,test,train,test,train,test,train,train,valid,train,0.38,1,1.0,159.75,"[20.31, 20.31, 20.31, 29.1, 20.31, 20.31, 29.1]",159.75,True,0.253777918,-0.778429208,0.31117633,-0.76652646
4850,2020_Townsend,2020,hepta_1273,4850,CC(C)C[C@@H]1NC(=O)[C@@H](C)N(C)C(=O)[C@@H]2CCCN2C(=O)[C@H](Cc2ccccc2)NC(=O)[C@H](CC(C)C)N(C)C(=O)[C@H]2CCCN2C(=O)[C@H](CC(C)C)N(C)C1=O,7,Circle,-5.13,,,,2.8335,train,train,train,test,train,test,train,train,valid,train,0.435,1,1.0,159.75,"[20.31, 20.31, 29.1, 20.31, 20.31, 20.31, 29.1]",159.75,True,0.174148641,-0.778429208,0.3475325,-0.76136345
5178,2020_Townsend,2020,hepta_1601,5178,CC(C)C[C@@H]1NC(=O)[C@@H]2CCCN2C(=O)[C@@H](CC(C)C)NC(=O)[C@@H](CC(C)C)NC(=O)C[C@H](Cc2ccccc2)NC(=O)[C@@H]2CCCN2C(=O)[C@H](Cc2ccccc2)NC1=O,7,Circle,-5.17,,,,3.4198,train,train,train,test,train,train,train,train,valid,train,0.415,1,1.0,186.12,"[20.31, 29.1, 29.1, 29.1, 20.31, 29.1, 29.1]",186.12,True,0.293338443,-0.577644954,0.046574414,-0.65066373
4734,2020_Townsend,2020,hepta_1157,4734,CC(C)C[C@@H]1NC(=O)[C@@H]2CCCN2C(=O)[C@@H](CC(C)C)NC(=O)[C@H](CC(C)C)N(C)C(=O)[C@@H](C)N(C)C(=O)[C@@H]2CCCN2C(=O)[C@H](Cc2ccccc2)NC1=O,7,Circle,-6.32,,,,2.4913,train,test,valid,test,train,train,train,train,valid,train,-0.16,0,0.42,168.54,"[20.31, 20.31, 20.31, 29.1, 20.31, 29.1, 29.1]",168.54,True,0.104582292,-0.711501123,-0.02282694,-0.6853522
7184,2021_Kelly,2021,L5_96,7184,CCC[C@H]1NC(=O)[C@@H](NC(=O)[C@@H](CC(C)C)N(C)C(=O)[C@@H]2CCCN2C(C)=O)[C@@H](C)OC(=O)[C@@H]2CCCN2C(=O)[C@H](CC(C)C)NC(=O)[C@@H](C)N(C)C(=O)[C@@H](Cc2cccc3ccccc23)NC(=O)[C@H](Cc2ccc(OC)cc2)NC1=O,10,Lariat,-5.84,,,,3.571,train,train,train,test,train,test,valid,train,valid,train,0.08,1,0.54,262.27,"[17.07, 20.31, 20.31, 38.33, 29.1, 38.33, 29.1, 20.31, 29.1, 20.31]",262.27,True,0.324076116,0.002170023,-0.02937457,-0.03653352
1811,2016_Furukawa,2016,2.8-08H,1811,CCCC[C@@H]1NC(=O)[C@@H](CC(C)C)NC(=O)CN(CC2CCCCC2)C(=O)[C@@H](Cc2ccccc2)NC(=O)CN(CC)C(=O)[C@H]2CCCN2C1=O,6,Circle,-5.03,,,,3.1818,valid,train,train,test,train,train,train,train,valid,test,0.485,1,1.0,148.23,"[29.1, 20.31, 29.1, 29.1, 20.31, 20.31]",148.23,True,0.244955067,-0.866143831,0.46630245,-0.8665103
5849,2021_Kelly,2021,L1_11.1.1.3.4.2,5849,CC(=O)N1CCC[C@@H]1C(=O)N(C)[C@@H](CC(C)C)C(=O)N[C@@H]1C(=O)N[C@@H](CC(C)C)C(=O)N[C@@H](CC(C)C)C(=O)N(C)[C@@H](CC(C)C)C(=O)N(C)[C@H](C)C(=O)N[C@H](CC(C)C)C(=O)N2CCC[C@H]2C(=O)O[C@@H]1C,10,Lariat,-6.18,,,,2.6042,test,valid,train,test,train,train,train,train,valid,train,-0.09,0,0.455,244.25,"[17.07, 20.31, 20.31, 38.33, 29.1, 29.1, 20.31, 20.31, 29.1, 20.31]",244.25,True,0.127533901,-0.135036357,-0.03839639,-0.08326532
5430,2020_Townsend,2020,hepta_1853,5430,CC(C)C[C@@H]1NC(=O)[C@@H](CC(C)C)NC(=O)[C@H](C)NC(=O)[C@@H]2CCCN2C(=O)[C@H](Cc2ccccc2)NC(=O)[C@@H](CC(C)C)NC(=O)[C@@H]2CCCN2C1=O,7,Circle,-6.18,,,,1.8069,train,valid,train,test,valid,train,train,train,valid,train,-0.09,0,0.455,186.12,"[20.31, 29.1, 29.1, 29.1, 20.31, 29.1, 29.1]",186.12,True,-0.034550406,-0.577644954,-0.5768278,-0.6052021
2822,2020_Townsend,2020,hexa_308,2822,CCCN1CC(=O)N[C@@H](CC(C)C)C(=O)N(C)[C@@H](CC(C)C)C(=O)N2CCC[C@H]2C(=O)N(Cc2ccccc2)CC(=O)N[C@@H](Cc2ccccc2)C1=O,6,Circle,-4.99,,,,3.3899,train,train,train,test,test,train,train,train,valid,train,0.505,1,1.0,139.44,"[20.31, 29.1, 20.31, 20.31, 20.31, 29.1]",139.44,True,0.287260027,-0.933071915,0.38436747,-0.9346771
2436,2020_Furukawa,2020,A_17,2436,CC(C)C[C@@H]1NC(=O)CN(CC2CCCCC2)C(=O)[C@H]2CCCN2C(=O)[C@H](CC(C)C)NC(=O)[C@H](C)N(C)C(=O)[C@H](CC(C)C)NC(=O)CN(Cc2ccc3c(c2)OCO3)C(=O)[C@H]2CCCN2C(=O)[C@H](Cc2ccccc2)NC(=O)[C@H](C)N(C)C1=O,10,Circle,-7.76,,,,4.1624,train,train,train,test,train,train,train,train,valid,train,-0.88,0,0.0,256.72,"[29.1, 20.31, 20.31, 29.1, 20.31, 29.1, 20.31, 38.77, 29.1, 20.31]",256.72,True,0.444302705,-0.040088324,0.22999202,-0.37098804
3572,2020_Townsend,2020,hexa_1058,3572,CC(C)C[C@H]1C(=O)N[C@@H](Cc2ccccc2)CC(=O)N2CCC[C@@H]2C(=O)N(C)[C@@H](CC(C)C)C(=O)N[C@@H](Cc2ccccc2)C(=O)N(C)[C@H](C)C(=O)N1C,6,Circle,-5.19,,,,3.4292,test,train,train,test,train,train,test,train,valid,train,0.405,1,1.0,139.44,"[20.31, 20.31, 29.1, 20.31, 20.31, 29.1]",139.44,True,0.295249383,-0.933071915,0.35168055,-0.9483794
4287,2020_Townsend,2020,hepta_710,4287,CC(C)C[C@@H]1NC(=O)[C@H]2CCCN2C(=O)[C@@H](CC(C)C)NC(=O)[C@@H](CC(C)C)NC(=O)[C@@H](C)N(C)C(=O)[C@H]2CCCN2C(=O)[C@H](Cc2ccccc2)NC1=O,7,Circle,-6.6,,,,2.1491,valid,valid,train,test,train,train,train,train,valid,train,-0.3,0,0.0,177.33,"[20.31, 20.31, 29.1, 29.1, 20.31, 29.1, 29.1]",177.33,True,0.035015943,-0.644573038,-0.52439386,-0.62260413
1281,2016_Furukawa,2016,1.4-28,1281,CCCC[C@@H]1NC(=O)[C@H](CC(C)C)N(C)C(=O)CN(CCCc2ccccc2)C(=O)[C@H](Cc2ccccc2)NC(=O)CN(CCCOC(C)C)C(=O)[C@H]2CCCN2C1=O,6,Circle,-5.86,,,,4.3717,train,train,test,test,train,train,train,test,valid,train,0.07,1,0.535,148.67,"[29.1, 20.31, 20.31, 29.1, 20.31, 29.54]",148.67,True,0.486851614,-0.862793619,-0.025425322,-0.91742754
5451,2020_Townsend,2020,hepta_1874,5451,CC(C)C[C@H]1NC(=O)[C@@H]2CCCN2C(=O)[C@@H](CC(C)C)N(C)C(=O)[C@@H](CC(C)C)N(C)C(=O)[C@H](C)NC(=O)[C@@H]2CCCN2C(=O)[C@H](Cc2ccccc2)NC1=O,7,Circle,-5.7,,,,2.4913,train,train,train,test,train,train,test,train,valid,train,0.15,1,0.575,168.54,"[20.31, 29.1, 20.31, 20.31, 20.31, 29.1, 29.1]",168.54,True,0.104582292,-0.711501123,0.016001426,-0.72440684
5251,2020_Townsend,2020,hepta_1674,5251,CC(C)C[C@H]1C(=O)N[C@@H](Cc2ccccc2)CC(=O)N2CCC[C@H]2C(=O)N(C)[C@H](CC(C)C)C(=O)N[C@@H](Cc2ccccc2)C(=O)N2CCC[C@H]2C(=O)N[C@@H](Cc2ccccc2)CC(=O)N1C,7,Circle,-5.97,,,,4.6909,train,test,train,test,train,train,train,train,valid,train,0.015,1,0.5075,168.54,"[20.31, 29.1, 20.31, 29.1, 20.31, 20.31, 29.1]",168.54,True,0.551742259,-0.711501123,0.20148644,-0.77886516
2922,2020_Townsend,2020,hexa_408,2922,CC(C)C[C@H]1C(=O)N2CCC[C@H]2C(=O)N(C)[C@@H](CC(C)C)C(=O)N[C@@H](Cc2ccccc2)C(=O)N[C@@H](C)C(=O)N(Cc2ccccc2)CC(=O)N1C,6,Circle,-5.22,,,,2.9982,train,train,test,test,train,test,valid,train,valid,train,0.39,1,1.0,139.44,"[29.1, 20.31, 20.31, 20.31, 20.31, 29.1]",139.44,True,0.207630749,-0.933071915,0.24145208,-0.900243
5359,2020_Townsend,2020,hepta_1782,5359,CC(C)C[C@@H]1NC(=O)C[C@H](Cc2ccccc2)NC(=O)[C@@H]2CCCN2C(=O)[C@H](Cc2ccccc2)NC(=O)[C@@H](CC(C)C)N(C)C(=O)[C@H]2CCCN2C(=O)[C@@H](CC(C)C)NC1=O,7,Circle,-5.12,,,,3.762,train,train,valid,test,test,train,train,train,valid,train,0.44,1,1.0,177.33,"[20.31, 29.1, 29.1, 29.1, 20.31, 20.31, 29.1]",177.33,True,0.362904791,-0.644573038,0.1776461,-0.68264496
4855,2020_Townsend,2020,hepta_1278,4855,CC(C)C[C@H]1C(=O)N(C)[C@H](CC(C)C)C(=O)N2CCC[C@@H]2C(=O)N(C)[C@H](CC(C)C)C(=O)N[C@@H](Cc2ccccc2)C(=O)N2CCC[C@H]2C(=O)N(C)[C@H](C)C(=O)N1C,7,Circle,-5.5,,,,3.1757,train,train,train,test,train,train,train,train,valid,train,0.25,1,0.625,150.96,"[20.31, 20.31, 20.31, 20.31, 20.31, 20.31, 29.1]",150.96,True,0.243714989,-0.845357292,0.25191972,-0.8444629
1420,2016_Furukawa,2016,1.8-07,1420,CCCC[C@@H]1NC(=O)[C@H](CC(C)C)N(C)C(=O)CN(CCc2cccnc2)C(=O)[C@H](C)NC(=O)CN(Cc2ccc3c(c2)OCO3)C(=O)[C@H]2CCCN2C1=O,6,Circle,-6.27,,,,2.2676,train,train,train,test,train,train,train,valid,valid,train,-0.135,0,0.4325,170.79,"[29.1, 33.2, 20.31, 29.1, 20.31, 38.77]",170.79,True,0.059105985,-0.694369361,-0.030830689,-0.7449021
6185,2021_Kelly,2021,L1_15.4.1.4.3.2,6185,CC(=O)N1CCC[C@@H]1C(=O)N(C)[C@H](CC(C)C)C(=O)N[C@@H]1C(=O)N(C)[C@H](CC(C)C)C(=O)N[C@@H](CC(C)C)C(=O)N(C)[C@H](CC(C)C)C(=O)N(C)[C@@H](C)C(=O)N[C@H](CC(C)C)C(=O)N2CCC[C@H]2C(=O)O[C@@H]1C,10,Lariat,-5.16,,,,2.9464,valid,train,train,test,train,train,train,train,valid,test,0.42,1,1.0,235.46,"[17.07, 20.31, 20.31, 38.33, 20.31, 29.1, 20.31, 20.31, 29.1, 20.31]",235.46,True,0.19710025,-0.201964442,0.16689086,-0.17215651
2679,2020_Townsend,2020,hexa_165,2679,CC(C)C[C@@H]1C(=O)N[C@@H](Cc2ccccc2)CC(=O)N2CCC[C@H]2C(=O)N(C)[C@H](CC(C)C)C(=O)N[C@@H](Cc2ccccc2)C(=O)N[C@@H](Cc2ccccc2)CC(=O)N1C,6,Circle,-10.0,,,,4.6999,train,train,test,test,train,valid,train,train,valid,train,-1.0,0,0.0,148.23,"[29.1, 20.31, 29.1, 20.31, 20.31, 29.1]",148.23,True,0.553571882,-0.866143831,0.19420436,-0.8606596
4846,2020_Townsend,2020,hepta_1269,4846,CC(C)C[C@@H]1NC(=O)[C@@H](C)N(C)C(=O)[C@@H]2CCCN2C(=O)[C@H](Cc2ccccc2)NC(=O)CN(Cc2ccccc2)C(=O)[C@H]2CCCN2C(=O)[C@@H](CC(C)C)NC1=O,7,Circle,-6.17,,,,2.647,train,train,train,test,train,train,valid,valid,valid,train,-0.085,0,0.4575,168.54,"[20.31, 20.31, 29.1, 29.1, 20.31, 20.31, 29.1]",168.54,True,0.136234777,-0.711501123,-0.05133917,-0.71045375
7143,2021_Kelly,2021,L5_59,7143,COc1ccc(C[C@@H]2NC(=O)[C@@H](CC(C)C)NC(=O)[C@@H](NC(=O)[C@@H](CC(C)C)N(C)C(=O)[C@@H]3CCCN3C(C)=O)[C@@H](C)OC(=O)[C@@H]3CCCN3C(=O)[C@H](CC(C)C)NC(=O)[C@@H](C)N(C)C(=O)[C@@H](Cc3ccc(F)c(F)c3)NC2=O)cc1,10,Lariat,-5.76,,,,2.942,train,valid,train,test,train,train,train,train,valid,valid,0.12,1,0.56,262.27,"[17.07, 20.31, 20.31, 38.33, 29.1, 38.33, 29.1, 20.31, 29.1, 20.31]",262.27,True,0.196205768,0.002170023,0.073851824,-0.02378948
2322,2018_Naylor,2018,1NMe3-23Ala(28),2322,CC(C)C[C@@H]1NC(=O)[C@H](Cc2ccc(O)cc2)N(C)C(=O)[C@H]2CCCN2C(=O)[C@H](CC(C)C)NC(=O)[C@H](C)N(C)C(=O)[C@@H](C)N(C)C1=O,6,Circle,-5.49,,,-5.66,1.5219,train,test,train,test,train,train,train,test,valid,train,0.255,1,1.0,159.67,"[29.1, 20.31, 20.31, 29.1, 20.31, 40.54]",159.67,True,-0.092488481,-0.779038337,0.2781644,-0.66367394
7149,2021_Kelly,2021,L5_64,7149,CCC[C@@H]1NC(=O)[C@@H](CCC)NC(=O)[C@@H](NC(=O)[C@@H](CC(C)C)N(C)C(=O)[C@@H]2CCCN2C(C)=O)[C@@H](C)OC(=O)[C@@H]2CCCN2C(=O)[C@H](CC(C)C)NC(=O)[C@@H](C)N(C)C(=O)[C@@H](Cc2cccc3ccccc23)NC1=O,10,Lariat,-5.39,,,,3.1198,train,train,test,test,test,valid,train,train,valid,train,0.305,1,1.0,253.04,"[17.07, 20.31, 20.31, 38.33, 29.1, 29.1, 29.1, 20.31, 29.1, 20.31]",253.04,True,0.232350995,-0.068108273,0.23189571,-0.2673787
7304,2022_Bhardwaj,2022,D10.17,7304,CC[C@@H](C)[C@H]1NC(=O)[C@H](CC(C)C)N(C)C(=O)[C@H]2CCCN2C(=O)[C@H](CC(C)C)NC(=O)[C@H](Cc2ccccc2)N(C)C(=O)[C@H](CC(C)C)N(C)C(=O)[C@@H](C(C)C)NC(=O)[C@H](C)NC(=O)[C@H]2CCCN2C(=O)[C@@H]2CCCN2C1=O,10,Circle,-5.57,-5.06,,,3.4962,valid,valid,train,test,train,train,train,valid,valid,train,0.215,1,0.6075,238.26,"[20.31, 20.31, 29.1, 20.31, 20.31, 29.1, 20.31, 20.31, 29.1, 29.1]",238.26,True,0.308869913,-0.180644916,0.21946293,-0.4354122
6751,2021_Kelly,2021,L1_9.3.4.4.3.2,6751,CC(=O)N1CCC[C@H]1C(=O)N(C)[C@@H](CC(C)C)C(=O)N[C@@H]1C(=O)N(C)[C@@H](CC(C)C)C(=O)N(C)[C@H](CC(C)C)C(=O)N(C)[C@H](CC(C)C)C(=O)N(C)[C@@H](C)C(=O)N[C@H](CC(C)C)C(=O)N2CCC[C@H]2C(=O)O[C@@H]1C,10,Lariat,-5.3,,,,3.2886,train,train,train,test,train,train,train,train,valid,train,0.35,1,1.0,226.67,"[17.07, 20.31, 20.31, 38.33, 20.31, 20.31, 20.31, 20.31, 29.1, 20.31]",226.67,True,0.266666599,-0.268892527,0.07289335,-0.26892233
3005,2020_Townsend,2020,hexa_491,3005,CC(C)C[C@@H]1NC(=O)[C@@H]2CCCN2C(=O)C[C@H](Cc2ccccc2)NC(=O)[C@@H](CC(C)C)N(C)C(=O)[C@@H](C)NC(=O)[C@H](Cc2ccccc2)NC1=O,6,Circle,-5.93,,,,2.7448,train,train,train,test,test,train,valid,train,valid,train,0.035,1,0.5175,157.02,"[29.1, 20.31, 29.1, 20.31, 29.1, 29.1]",157.02,True,0.156116685,-0.799215746,-0.13965997,-0.7975222
4157,2020_Townsend,2020,hepta_580,4157,CC(C)C[C@@H]1NC(=O)[C@H](CC(C)C)N(C)C(=O)[C@@H](C)N(C)C(=O)[C@H]2CCCN2C(=O)[C@H](Cc2ccccc2)NC(=O)CN(Cc2ccccc2)C(=O)[C@@H]2CCCN2C1=O,7,Circle,-5.71,,,,2.9892,train,train,train,test,train,train,test,train,valid,train,0.145,1,0.5725,159.75,"[20.31, 20.31, 20.31, 29.1, 20.31, 20.31, 29.1]",159.75,True,0.205801126,-0.778429208,0.20043021,-0.7778578
5096,2020_Townsend,2020,hepta_1519,5096,CCCN1CC(=O)N[C@H](CC(C)C)C(=O)N(C)[C@@H](CC(C)C)C(=O)N2CCC[C@@H]2C(=O)N[C@@H](CC(C)C)C(=O)N[C@@H](Cc2ccccc2)C(=O)N2CCC[C@@H]2C1=O,7,Circle,-5.82,,,,2.883,train,valid,valid,test,train,train,train,train,valid,valid,0.09,1,0.545,168.54,"[20.31, 20.31, 29.1, 20.31, 20.31, 29.1, 29.1]",168.54,True,0.18421157,-0.711501123,0.25974044,-0.71521395
4528,2020_Townsend,2020,hepta_951,4528,CC(C)C[C@H]1C(=O)N(Cc2ccccc2)CC(=O)N2CCC[C@H]2C(=O)N[C@H](CC(C)C)C(=O)N[C@@H](Cc2ccccc2)C(=O)N2CCC[C@H]2C(=O)N[C@H](C)C(=O)N1C,7,Circle,-6.32,,,,2.647,train,train,train,test,train,train,valid,valid,valid,train,-0.16,0,0.42,168.54,"[20.31, 29.1, 20.31, 20.31, 20.31, 29.1, 29.1]",168.54,True,0.136234777,-0.711501123,-0.14005394,-0.63829315
6455,2021_Kelly,2021,L1_4.3.4.4.3.1,6455,CC(=O)N1CCC[C@@H]1C(=O)N(C)[C@@H](CC(C)C)C(=O)N[C@@H]1C(=O)N(C)[C@@H](CC(C)C)C(=O)N(C)[C@H](CC(C)C)C(=O)N(C)[C@H](CC(C)C)C(=O)N(C)[C@@H](C)C(=O)N[C@@H](CC(C)C)C(=O)N2CCC[C@@H]2C(=O)O[C@@H]1C,10,Lariat,-5.42,,,,3.2886,train,test,train,test,train,train,train,valid,valid,train,0.29,1,1.0,226.67,"[17.07, 20.31, 20.31, 38.33, 20.31, 20.31, 20.31, 20.31, 29.1, 20.31]",226.67,True,0.266666599,-0.268892527,0.25067946,-0.2957524
3308,2020_Townsend,2020,hexa_794,3308,CC(C)C[C@H]1C(=O)N[C@@H](Cc2ccccc2)C(=O)N(C)[C@@H](C)C(=O)N(C)[C@H](CC(C)C)C(=O)N[C@@H](Cc2ccccc2)CC(=O)N2CCC[C@H]2C(=O)N1C,6,Circle,-4.75,,,,3.4292,train,train,valid,test,test,valid,train,train,valid,train,0.625,1,1.0,139.44,"[20.31, 20.31, 29.1, 20.31, 20.31, 29.1]",139.44,True,0.295249383,-0.933071915,0.4631041,-0.91608024
6354,2021_Kelly,2021,L1_3.3.1.3.1.1,6354,CC(=O)N1CCC[C@@H]1C(=O)N(C)[C@@H](CC(C)C)C(=O)N[C@@H]1C(=O)N(C)[C@@H](CC(C)C)C(=O)N[C@@H](CC(C)C)C(=O)N(C)[C@@H](CC(C)C)C(=O)N[C@@H](C)C(=O)N[C@@H](CC(C)C)C(=O)N2CCC[C@H]2C(=O)O[C@@H]1C,10,Lariat,-5.47,,,,2.6042,train,train,train,test,train,train,test,train,valid,train,0.265,1,1.0,244.25,"[17.07, 20.31, 20.31, 38.33, 20.31, 29.1, 20.31, 29.1, 29.1, 20.31]",244.25,True,0.127533901,-0.135036357,-0.12098999,-0.099942386
1536,2016_Furukawa,2016,2.1-03Me,1536,CCCC[C@@H]1NC(=O)[C@H](CC(C)C)N(C)C(=O)CN(CC2CCOCC2)C(=O)[C@H](C)NC(=O)CN(CC)C(=O)[C@@H]2CCCN2C1=O,6,Circle,-7.17,,,,1.1475,valid,train,train,test,train,train,train,train,valid,train,-0.585,0,0.0,148.67,"[29.1, 29.54, 20.31, 29.1, 20.31, 20.31]",148.67,True,-0.168600816,-0.862793619,-0.5780797,-0.79727924
5220,2020_Townsend,2020,hepta_1643,5220,CC(C)C[C@@H]1NC(=O)[C@@H]2CCCN2C(=O)CN(Cc2ccccc2)C(=O)[C@H](CC(C)C)NC(=O)C[C@H](Cc2ccccc2)NC(=O)[C@@H]2CCCN2C(=O)[C@H](Cc2ccccc2)NC1=O,7,Circle,-10.0,,,,3.9177,train,valid,train,test,train,train,valid,valid,test,train,-1.0,0,0.0,177.33,"[20.31, 29.1, 29.1, 20.31, 20.31, 29.1, 29.1]",177.33,True,0.394557277,-0.644573038,0.11357958,-0.7076949
4418,2020_Townsend,2020,hepta_841,4418,CCCN1CC(=O)N(C)[C@@H](CC(C)C)C(=O)N[C@H](CC(C)C)C(=O)N2CCC[C@@H]2C(=O)N(C)[C@@H](CC(C)C)C(=O)N[C@@H](Cc2ccccc2)C(=O)N2CCC[C@H]2C1=O,7,Circle,-5.2,,,,3.2252,train,train,train,test,train,train,train,train,test,train,0.4,1,1.0,159.75,"[20.31, 20.31, 20.31, 29.1, 20.31, 20.31, 29.1]",159.75,True,0.253777918,-0.778429208,0.34564656,-0.825079
5125,2020_Townsend,2020,hepta_1548,5125,CCCN1CC(=O)N[C@@H](CC(C)C)C(=O)N(C)[C@@H](CC(C)C)C(=O)N2CCC[C@@H]2C(=O)N(C)[C@@H](CC(C)C)C(=O)N[C@@H](Cc2ccccc2)C(=O)N2CCC[C@@H]2C1=O,7,Circle,-4.96,,,,3.2252,test,train,valid,test,valid,test,train,test,test,train,0.52,1,1.0,159.75,"[20.31, 20.31, 29.1, 20.31, 20.31, 20.31, 29.1]",159.75,True,0.253777918,-0.778429208,0.37334114,-0.7934785
2786,2020_Townsend,2020,hexa_272,2786,CCCN1CC(=O)N(C)[C@@H](CC(C)C)C(=O)N[C@@H](CC(C)C)C(=O)N2CCC[C@H]2C(=O)N[C@@H](CC(C)C)C(=O)N[C@@H](Cc2ccccc2)C1=O,6,Circle,-5.4,,,,2.892,train,train,test,test,train,train,train,train,test,train,0.3,1,1.0,148.23,"[20.31, 20.31, 29.1, 20.31, 29.1, 29.1]",148.23,True,0.186041193,-0.866143831,0.31571364,-0.8768984
943,2015_Ahlbach,2015,Desmethyldestruxin B,943,CC[C@H](C)[C@@H]1NC(=O)[C@@H]2CCCN2C(=O)[C@@H](CC(C)C)OC(=O)CCNC(=O)[C@H](C)N(C)C(=O)[C@H](C(C)C)NC1=O,6,Circle,-6.66,,,,0.9738,train,train,train,test,train,test,train,train,test,train,-0.33,0,0.0,154.22,"[26.3, 20.31, 29.1, 29.1, 20.31, 29.1]",154.22,True,-0.203912548,-0.820535272,0.10062998,-0.40263546
1070,2015_Wang,2015,Compound.26,1070,CC(C)C[C@@H]1NC(=O)[C@@H](CC(C)C)NC(=O)[C@@H](CC(C)C)NC(=O)[C@H](Cc2cc3ccccc3[nH]2)NC(=O)[C@@H]2CCCN2C(=O)[C@@H](CC(C)C)NC1=O,6,Circle,-5.6,-4.76,,,3.3234,test,valid,train,test,train,train,train,train,test,train,0.2,1,0.6,181.6,"[29.1, 29.1, 29.1, 29.1, 20.31, 44.89]",181.6,True,0.273741143,-0.612060761,0.0819667,-0.6584139
6022,2021_Kelly,2021,L1_13.3.4.3.3.2,6022,CC(=O)N1CCC[C@H]1C(=O)N(C)[C@H](CC(C)C)C(=O)N[C@@H]1C(=O)N(C)[C@@H](CC(C)C)C(=O)N(C)[C@H](CC(C)C)C(=O)N(C)[C@@H](CC(C)C)C(=O)N(C)[C@@H](C)C(=O)N[C@H](CC(C)C)C(=O)N2CCC[C@H]2C(=O)O[C@@H]1C,10,Lariat,-5.18,,,,3.2886,train,train,valid,test,train,train,train,train,test,train,0.41,1,1.0,226.67,"[17.07, 20.31, 20.31, 38.33, 20.31, 20.31, 20.31, 20.31, 29.1, 20.31]",226.67,True,0.266666599,-0.268892527,0.12006158,-0.25183254
2814,2020_Townsend,2020,hexa_300,2814,CCCN1CC(=O)N(C)[C@@H](CC(C)C)C(=O)N(C)[C@H](CC(C)C)C(=O)N2CCC[C@H]2C(=O)N(C)[C@@H](CC(C)C)C(=O)N[C@@H](Cc2ccccc2)C1=O,6,Circle,-4.83,,,,3.5764,train,train,train,test,train,test,train,train,test,train,0.585,1,1.0,130.65,"[20.31, 20.31, 20.31, 20.31, 20.31, 29.1]",130.65,True,0.32517389,-1.0,0.58243275,-1.0022717
3985,2020_Townsend,2020,hepta_408,3985,CC(C)C[C@@H]1NC(=O)[C@@H]2CCCN2C(=O)[C@H](CC(C)C)NC(=O)[C@@H](CC(C)C)NC(=O)[C@H](C)N(C)C(=O)[C@H]2CCCN2C(=O)[C@H](Cc2ccccc2)NC1=O,7,Circle,-10.0,,,,2.1491,test,train,train,test,train,train,train,train,test,valid,-1.0,0,0.0,177.33,"[20.31, 20.31, 29.1, 29.1, 20.31, 29.1, 29.1]",177.33,True,0.035015943,-0.644573038,-0.3355679,-0.6107732
805,2013_CHUGAI,2013,DP-840,805,CC[C@H](C)[C@H]1C(=O)N(C)[C@@H](CC(C)C)C(=O)N[C@H](C(=O)N2CCCCC2)Cc2cccc(c2)CCCCC(=O)N[C@@H]([C@@H](C)O)C(=O)N(C)[C@@H](C)C(=O)N(C)[C@@H](Cc2ccccc2)C(=O)N(C)[C@@H](Cc2ccccc2)C(=O)N(C)[C@@H](CC(C)C)C(=O)NCC(=O)N1C,10,Lariat,-4.19,,,,5.0402,valid,train,train,test,train,train,train,train,test,train,0.905,1,1.0,249.7,"[38.33, 20.31, 20.31, 20.31, 20.31, 29.1, 20.31, 20.31, 46.17, 3.24]",238.7,True,0.622751977,-0.093539422,0.5565679,-0.06005141
5342,2020_Townsend,2020,hepta_1765,5342,CCCN1CC(=O)N(Cc2ccccc2)CC(=O)N(Cc2ccccc2)CC(=O)N2CCC[C@H]2C(=O)N(C)[C@H](CC(C)C)C(=O)N[C@@H](Cc2ccccc2)C(=O)N2CCC[C@H]2C1=O,7,Circle,-6.16,,,,3.8788,train,test,train,test,test,valid,train,train,test,train,-0.08,0,0.46,150.96,"[20.31, 20.31, 20.31, 20.31, 20.31, 20.31, 29.1]",150.96,True,0.386649238,-0.845357292,0.053017337,-0.9136516
3290,2020_Townsend,2020,hexa_776,3290,CC(C)C[C@@H]1NC(=O)[C@H](C)N(C)C(=O)[C@H](Cc2ccccc2)NC(=O)[C@H](CC(C)C)N(C)C(=O)[C@@H]2CCCN2C(=O)CN(Cc2ccccc2)C1=O,6,Circle,-5.15,,,,2.9982,train,train,train,test,train,train,train,train,test,train,0.425,1,1.0,139.44,"[20.31, 29.1, 20.31, 20.31, 20.31, 29.1]",139.44,True,0.207630749,-0.933071915,0.42471153,-0.89696014
4429,2020_Townsend,2020,hepta_852,4429,CCCN1CC(=O)N[C@@H](CC(C)C)C(=O)N[C@@H](CC(C)C)C(=O)N2CCC[C@@H]2C(=O)N(Cc2ccccc2)CC(=O)N[C@@H](Cc2ccccc2)C(=O)N2CCC[C@H]2C1=O,7,Circle,-5.52,,,,3.0387,train,train,train,test,test,train,train,train,test,valid,0.24,1,0.62,168.54,"[20.31, 20.31, 29.1, 29.1, 20.31, 20.31, 29.1]",168.54,True,0.215864055,-0.711501123,0.094881065,-0.74716616
1320,2016_Furukawa,2016,1.5-27,1320,CCCC[C@@H]1NC(=O)[C@H](CC(C)C)N(C)C(=O)CN(CCOC)C(=O)[C@H](Cc2ccc3ccccc3c2)NC(=O)CN(CCN2CCOCC2)C(=O)[C@H]2CCCN2C1=O,6,Circle,-5.73,-6.11,,,2.0556,test,train,train,test,test,train,test,train,test,train,0.135,1,0.5675,161.14,"[29.1, 29.54, 20.31, 29.1, 20.31, 32.78]",161.14,True,0.016008189,-0.767845586,0.19213831,-0.75919664
141,2013_CHUGAI,2013,DP-129,141,CC(C)C[C@H]1C(=O)N(C)[C@@H](Cc2ccccc2)C(=O)NCC(=O)N[C@H](C(=O)N2CCCCC2)CC(=O)N(C)CCCC(=O)N[C@@H]([C@@H](C)O)C(=O)N(C)[C@@H](C)C(=O)N(C)[C@@H](Cc2ccccc2)C(=O)N[C@@H](COC(C)(C)C)C(=O)N1C,10,Lariat,-4.77,,,,1.2671,valid,train,valid,test,train,train,train,train,test,test,0.615,1,1.0,267.72,"[20.31, 38.33, 20.31, 20.31, 38.33, 20.31, 20.31, 29.1, 46.17, 3.24]",256.72,True,-0.144287153,0.043666959,0.64416414,0.07063952
2793,2020_Townsend,2020,hexa_279,2793,CCCN1CC(=O)N(C)[C@@H](CC(C)C)C(=O)N(C)[C@H](CC(C)C)C(=O)N2CCC[C@H]2C(=O)N[C@H](CC(C)C)C(=O)N[C@@H](Cc2ccccc2)C1=O,6,Circle,-4.71,,,,3.2342,train,train,train,test,train,train,train,test,test,train,0.645,1,1.0,139.44,"[20.31, 20.31, 20.31, 20.31, 29.1, 29.1]",139.44,True,0.255607542,-0.933071915,0.33051133,-0.88233733
1267,2016_Furukawa,2016,1.4-14,1267,CCCC[C@@H]1NC(=O)[C@H](CC(C)C)N(C)C(=O)CN(CCOC)C(=O)[C@H](Cc2ccccc2)NC(=O)CN(CCCOC(C)C)C(=O)[C@H]2CCCN2C1=O,6,Circle,-5.08,,,,2.3853,train,train,train,test,valid,train,train,train,test,train,0.46,1,1.0,157.9,"[29.1, 29.54, 20.31, 29.1, 20.31, 29.54]",157.9,True,0.083033394,-0.792515323,0.41525027,-0.832902
6203,2021_Kelly,2021,L1_16.1.3.1.4.2,6203,CC(=O)N1CCC[C@@H]1C(=O)N(C)[C@H](CC(C)C)C(=O)N[C@@H]1C(=O)N[C@@H](CC(C)C)C(=O)N(C)[C@@H](CC(C)C)C(=O)N[C@@H](CC(C)C)C(=O)N(C)[C@H](C)C(=O)N[C@H](CC(C)C)C(=O)N2CCC[C@@H]2C(=O)O[C@@H]1C,10,Lariat,-5.46,,,,2.6042,train,train,train,test,train,train,valid,train,test,train,0.27,1,1.0,244.25,"[17.07, 20.31, 20.31, 38.33, 29.1, 20.31, 29.1, 20.31, 29.1, 20.31]",244.25,True,0.127533901,-0.135036357,-0.10416547,-0.09661344
7297,2022_Bhardwaj,2022,D10.1,7297,CC[C@H](C)[C@@H]1NC(=O)[C@@H](CC(C)C)NC(=O)[C@H](CC(C)C)N(C)C(=O)[C@H](Cc2ccccc2)NC(=O)CN(C)C(=O)[C@@H]2CCCN2C(=O)[C@H](C(C)C)NC(=O)[C@H](Cc2ccccc2)N(C)C(=O)[C@H]2CCCN2C(=O)[C@H](CC(C)C)NC1=O,10,Circle,-5.41,-5.21,,,3.8442,train,train,train,test,train,train,train,train,test,train,0.295,1,1.0,247.05,"[29.1, 29.1, 29.1, 20.31, 20.31, 29.1, 20.31, 20.31, 29.1, 20.31]",247.05,True,0.379615352,-0.113716831,0.18512452,-0.6709696
5987,2021_Kelly,2021,L1_13.1.3.1.4.2,5987,CC(=O)N1CCC[C@H]1C(=O)N(C)[C@H](CC(C)C)C(=O)N[C@@H]1C(=O)N[C@@H](CC(C)C)C(=O)N(C)[C@@H](CC(C)C)C(=O)N[C@@H](CC(C)C)C(=O)N(C)[C@H](C)C(=O)N[C@H](CC(C)C)C(=O)N2CCC[C@H]2C(=O)O[C@@H]1C,10,Lariat,-5.77,,,,2.6042,train,train,train,test,train,train,train,test,test,test,0.115,1,0.5575,244.25,"[17.07, 20.31, 20.31, 38.33, 29.1, 20.31, 29.1, 20.31, 29.1, 20.31]",244.25,True,0.127533901,-0.135036357,0.096364126,-0.06607589
6500,2021_Kelly,2021,L1_5.2.2.1.1.1,6500,CC(=O)N1CCC[C@H]1C(=O)N(C)[C@H](CC(C)C)C(=O)N[C@@H]1C(=O)N[C@H](CC(C)C)C(=O)N[C@H](CC(C)C)C(=O)N[C@@H](CC(C)C)C(=O)N[C@@H](C)C(=O)N[C@@H](CC(C)C)C(=O)N2CCC[C@H]2C(=O)O[C@@H]1C,10,Lariat,-6.79,,,,1.9198,train,train,valid,test,train,train,train,train,test,train,-0.395,0,0.0,261.83,"[17.07, 20.31, 20.31, 38.33, 29.1, 29.1, 29.1, 29.1, 29.1, 20.31]",261.83,True,-0.011598796,-0.001180188,-0.30323464,0.015827566
1322,2016_Furukawa,2016,1.5-29,1322,CCCC[C@@H]1NC(=O)[C@H](CC(C)C)N(C)C(=O)CN(CCOc2ccccc2)C(=O)[C@H](Cc2ccccc2)NC(=O)CN(CCN2CCOCC2)C(=O)[C@H]2CCCN2C1=O,6,Circle,-5.76,,,,2.335,train,train,valid,test,train,train,train,train,test,test,0.12,1,0.56,161.14,"[29.1, 29.54, 20.31, 29.1, 20.31, 32.78]",161.14,True,0.072807832,-0.767845586,0.18703574,-0.7603822
7423,2022_Taechalertpaisarn,2022,ID.3-Pye3(Abu5),7423,CC[C@@H]1NC(=O)[C@@H](CC(C)C)NC(=O)[C@H](CCC(=O)N2CCCC2)NC(=O)[C@@H](CC(C)C)NC(=O)[C@H]2CCCN2C(=O)[C@H](CC(C)C)NC1=O,6,Circle,-7.46,,,,1.3659,train,train,train,test,train,train,train,test,test,train,-0.73,0,0.0,186.12,"[20.31, 29.1, 49.41, 29.1, 29.1, 29.1]",186.12,True,-0.124201954,-0.577644954,-0.5002499,-0.4698527
5692,2021_Kelly,2021,L1_1.1.4.1.4.1,5692,CC(=O)N1CCC[C@H]1C(=O)N(C)[C@@H](CC(C)C)C(=O)N[C@@H]1C(=O)N[C@@H](CC(C)C)C(=O)N(C)[C@H](CC(C)C)C(=O)N[C@@H](CC(C)C)C(=O)N(C)[C@H](C)C(=O)N[C@@H](CC(C)C)C(=O)N2CCC[C@H]2C(=O)O[C@@H]1C,10,Lariat,-6.1,,,,2.6042,test,train,train,test,train,train,train,train,test,train,-0.05,0,0.475,244.25,"[17.07, 20.31, 20.31, 38.33, 29.1, 20.31, 29.1, 20.31, 29.1, 20.31]",244.25,True,0.127533901,-0.135036357,0.066453844,-0.06814204
4245,2020_Townsend,2020,hepta_668,4245,CC(C)C[C@@H]1NC(=O)[C@H](C)N(C)C(=O)[C@H]2CCCN2C(=O)[C@H](Cc2ccccc2)NC(=O)[C@@H](CC(C)C)NC(=O)[C@H]2CCCN2C(=O)C[C@H](Cc2ccccc2)NC1=O,7,Circle,-6.26,,,,2.7358,train,train,train,test,train,train,train,train,test,train,-0.13,0,0.435,177.33,"[20.31, 20.31, 29.1, 29.1, 20.31, 29.1, 29.1]",177.33,True,0.154287062,-0.644573038,-0.36934936,-0.65418625
7394,2022_Taechalertpaisarn,2022,ID.2,7394,CC(C)C[C@@H]1NC(=O)[C@@H](CC(C)C)NC(=O)[C@@H](CC(C)C)NC(=O)[C@@H](CC(C)C)NC(=O)[C@@H](CC(C)C)NC(=O)[C@H]2CCCN2C1=O,6,Circle,-5.3,,,,2.6455,train,train,train,test,train,train,train,train,test,train,0.35,1,1.0,165.81,"[20.31, 29.1, 29.1, 29.1, 29.1, 29.1]",165.81,True,0.13592984,-0.732287661,0.40223798,-0.5734437
6269,2021_Kelly,2021,L1_2.1.4.2.2.1,6269,CC(=O)N1CCC[C@H]1C(=O)N(C)[C@@H](CC(C)C)C(=O)N[C@@H]1C(=O)N[C@@H](CC(C)C)C(=O)N(C)[C@H](CC(C)C)C(=O)N[C@H](CC(C)C)C(=O)N[C@H](C)C(=O)N[C@@H](CC(C)C)C(=O)N2CCC[C@@H]2C(=O)O[C@@H]1C,10,Lariat,-5.89,,,,2.262,train,test,valid,test,train,train,train,train,test,train,0.055,1,0.5275,253.04,"[17.07, 20.31, 20.31, 38.33, 29.1, 20.31, 29.1, 29.1, 29.1, 20.31]",253.04,True,0.057967553,-0.068108273,-0.14333054,-0.006930962
6598,2021_Kelly,2021,L1_7.1.1.4.1.1,6598,CC(=O)N1CCC[C@@H]1C(=O)N(C)[C@H](CC(C)C)C(=O)N[C@@H]1C(=O)N[C@@H](CC(C)C)C(=O)N[C@@H](CC(C)C)C(=O)N(C)[C@H](CC(C)C)C(=O)N[C@@H](C)C(=O)N[C@@H](CC(C)C)C(=O)N2CCC[C@H]2C(=O)O[C@@H]1C,10,Lariat,-6.63,,,,2.262,train,train,train,test,train,train,train,test,test,train,-0.315,0,0.0,253.04,"[17.07, 20.31, 20.31, 38.33, 29.1, 29.1, 20.31, 29.1, 29.1, 20.31]",253.04,True,0.057967553,-0.068108273,-0.38632935,-0.0893302
6047,2021_Kelly,2021,L1_14.1.3.4.4.2,6047,CC(=O)N1CCC[C@H]1C(=O)N(C)[C@H](CC(C)C)C(=O)N[C@@H]1C(=O)N[C@@H](CC(C)C)C(=O)N(C)[C@@H](CC(C)C)C(=O)N(C)[C@H](CC(C)C)C(=O)N(C)[C@H](C)C(=O)N[C@H](CC(C)C)C(=O)N2CCC[C@@H]2C(=O)O[C@@H]1C,10,Lariat,-5.48,,,,2.9464,train,valid,train,test,train,train,train,train,test,train,0.26,1,1.0,235.46,"[17.07, 20.31, 20.31, 38.33, 29.1, 20.31, 20.31, 20.31, 29.1, 20.31]",235.46,True,0.19710025,-0.201964442,0.13542557,-0.14196481
4072,2020_Townsend,2020,hepta_495,4072,CC(C)C[C@H]1NC(=O)[C@H](C)N(C)C(=O)[C@H]2CCCN2C(=O)[C@H](Cc2ccccc2)NC(=O)CN(Cc2ccccc2)C(=O)[C@@H]2CCCN2C(=O)CN(Cc2ccccc2)C1=O,7,Circle,-5.87,,,,3.1449,train,train,test,test,train,train,valid,train,test,train,0.065,1,0.5325,159.75,"[20.31, 20.31, 29.1, 20.31, 20.31, 20.31, 29.1]",159.75,True,0.237453611,-0.778429208,-0.017325442,-0.7567705
2892,2020_Townsend,2020,hexa_378,2892,CC(C)C[C@H]1NC(=O)[C@H](C)NC(=O)[C@H](Cc2ccccc2)NC(=O)CN(Cc2ccccc2)C(=O)[C@@H]2CCCN2C(=O)[C@@H](CC(C)C)N(C)C1=O,6,Circle,-5.39,,,,2.656,valid,valid,train,test,train,train,train,train,test,train,0.305,1,1.0,148.23,"[29.1, 29.1, 20.31, 20.31, 20.31, 29.1]",148.23,True,0.138064401,-0.866143831,-0.018562835,-0.8805473
4761,2020_Townsend,2020,hepta_1184,4761,CC(C)C[C@@H]1NC(=O)[C@@H](C)N(C)C(=O)[C@@H]2CCCN2C(=O)[C@H](Cc2ccccc2)NC(=O)CN(Cc2ccccc2)C(=O)[C@@H]2CCCN2C(=O)[C@H](CC(C)C)NC1=O,7,Circle,-6.32,,,,2.647,test,train,train,test,train,train,test,train,test,train,-0.16,0,0.42,168.54,"[20.31, 20.31, 29.1, 29.1, 20.31, 20.31, 29.1]",168.54,True,0.136234777,-0.711501123,0.001327809,-0.7639818
3263,2020_Townsend,2020,hexa_749,3263,CC(C)C[C@@H]1NC(=O)[C@H](C)N(C)C(=O)[C@H](Cc2ccccc2)NC(=O)[C@@H](CC(C)C)NC(=O)[C@@H]2CCCN2C(=O)CN(Cc2ccccc2)C1=O,6,Circle,-5.83,,,,2.656,train,train,train,test,valid,train,train,train,test,test,0.085,1,0.5425,148.23,"[20.31, 29.1, 20.31, 20.31, 29.1, 29.1]",148.23,True,0.138064401,-0.866143831,-0.009223685,-0.8924033
2795,2020_Townsend,2020,hexa_281,2795,CCCN1CC(=O)N[C@H](CC(C)C)C(=O)N[C@H](CC(C)C)C(=O)N2CCC[C@H]2C(=O)N(Cc2ccccc2)CC(=O)N[C@@H](Cc2ccccc2)C1=O,6,Circle,-5.88,,,,3.0477,test,valid,test,test,train,train,train,train,test,train,0.06,1,0.53,148.23,"[20.31, 29.1, 29.1, 20.31, 20.31, 29.1]",148.23,True,0.217693678,-0.866143831,0.253751,-0.8513309
7404,2022_Taechalertpaisarn,2022,ID.3-Pye5,7404,CC(C)C[C@@H]1NC(=O)[C@@H](CC(C)C)NC(=O)[C@H]2CCCN2C(=O)[C@H](CC(C)C)NC(=O)[C@H](CCC(=O)N2CCCC2)NC(=O)[C@@H](CC(C)C)NC1=O,6,Circle,-6.55,-6.7,,,2.002,train,train,valid,test,train,train,train,valid,test,train,-0.275,0,0.0,186.12,"[20.31, 29.1, 29.1, 29.1, 49.41, 29.1]",186.12,True,0.005111765,-0.577644954,-0.10307711,-0.5433891
4153,2020_Townsend,2020,hepta_576,4153,CC(C)C[C@@H]1NC(=O)[C@@H](CC(C)C)N(C)C(=O)[C@@H](C)N(C)C(=O)[C@H]2CCCN2C(=O)[C@H](Cc2ccccc2)NC(=O)CN(Cc2ccccc2)C(=O)[C@@H]2CCCN2C1=O,7,Circle,-10.0,,,,2.9892,train,train,train,test,train,train,train,train,test,train,-1.0,0,0.0,159.75,"[20.31, 20.31, 20.31, 29.1, 20.31, 20.31, 29.1]",159.75,True,0.205801126,-0.778429208,0.18258025,-0.8175555
4631,2020_Townsend,2020,hepta_1054,4631,CC(C)C[C@@H]1NC(=O)[C@H](C)N(C)C(=O)[C@@H]2CCCN2C(=O)[C@H](Cc2ccccc2)NC(=O)[C@@H](CC(C)C)NC(=O)[C@@H]2CCCN2C(=O)[C@H](CC(C)C)NC1=O,7,Circle,-4.0,,,,2.1491,train,train,train,test,train,train,train,train,test,test,1.0,1,1.0,177.33,"[20.31, 20.31, 29.1, 29.1, 20.31, 29.1, 29.1]",177.33,True,0.035015943,-0.644573038,-0.50843346,-0.6336981
1623,2016_Furukawa,2016,2.3-18Me,1623,CCCC[C@@H]1NC(=O)[C@H](CC(C)C)N(C)C(=O)CN(CC2CCOCC2)C(=O)[C@@H](Cc2ccccc2)NC(=O)CN(Cc2ccc3c(c2)OCO3)C(=O)[C@@H]2CCCN2C1=O,6,Circle,-6.17,,,,3.2793,train,train,test,test,train,valid,train,train,test,train,-0.085,0,0.4575,167.13,"[29.1, 29.54, 20.31, 29.1, 20.31, 38.77]",167.13,True,0.264775988,-0.722237027,0.20434156,-0.7180711
2732,2020_Townsend,2020,hexa_218,2732,CCCN1CC(=O)N[C@@H](CC(C)C)C(=O)N(C)[C@@H](CC(C)C)C(=O)N2CCC[C@@H]2C(=O)N(C)[C@@H](CC(C)C)C(=O)N[C@@H](Cc2ccccc2)C1=O,6,Circle,-5.01,,,,3.2342,train,valid,train,test,train,train,test,test,test,train,0.495,1,1.0,139.44,"[20.31, 29.1, 20.31, 20.31, 20.31, 29.1]",139.44,True,0.255607542,-0.933071915,0.5221664,-0.93698144
3135,2020_Townsend,2020,hexa_621,3135,CC(C)C[C@@H]1NC(=O)[C@@H](CC(C)C)N(C)C(=O)[C@@H](C)NC(=O)[C@H](Cc2ccccc2)NC(=O)[C@@H](CC(C)C)NC(=O)[C@H]2CCCN2C1=O,6,Circle,-5.24,,,,2.1581,valid,train,train,test,test,train,test,train,test,test,0.38,1,1.0,157.02,"[29.1, 20.31, 29.1, 20.31, 29.1, 29.1]",157.02,True,0.036845567,-0.799215746,0.20712604,-0.8356866
6259,2021_Kelly,2021,L1_2.1.1.3.1.1,6259,CC(=O)N1CCC[C@H]1C(=O)N(C)[C@@H](CC(C)C)C(=O)N[C@@H]1C(=O)N[C@@H](CC(C)C)C(=O)N[C@@H](CC(C)C)C(=O)N(C)[C@@H](CC(C)C)C(=O)N[C@@H](C)C(=O)N[C@@H](CC(C)C)C(=O)N2CCC[C@@H]2C(=O)O[C@@H]1C,10,Lariat,-5.23,,,,2.262,train,train,train,test,train,train,valid,train,test,valid,0.385,1,1.0,253.04,"[17.07, 20.31, 20.31, 38.33, 29.1, 29.1, 20.31, 29.1, 29.1, 20.31]",253.04,True,0.057967553,-0.068108273,-0.32574534,-0.053421468
6900,2021_Kelly,2021,L3_2.2.1.2.1,6900,CC(=O)N1CCC[C@H]1C(=O)N[C@@H]1C(=O)N[C@H](CC(C)C)C(=O)N[C@H](CC(C)C)C(=O)N[C@H](CC(C)C)C(=O)N[C@@H](CC(C)C)C(=O)N[C@H](C)C(=O)N[C@@H](CC(C)C)C(=O)N2CCC[C@@H]2C(=O)O[C@@H]1C,10,Lariat,-6.64,,,,1.5776,train,train,train,test,train,train,valid,train,test,train,-0.32,0,0.0,270.62,"[17.07, 20.31, 38.33, 29.1, 29.1, 29.1, 29.1, 29.1, 29.1, 20.31]",270.62,True,-0.081165145,0.065747897,-0.2810623,0.015094712
4182,2020_Townsend,2020,hepta_605,4182,CC(C)C[C@H]1C(=O)N[C@@H](Cc2ccccc2)C(=O)N2CCC[C@@H]2C(=O)N(C)[C@H](C)C(=O)N(Cc2ccccc2)CC(=O)N[C@@H](Cc2ccccc2)CC(=O)N2CCC[C@H]2C(=O)N1C,7,Circle,-5.47,,,,3.5759,train,train,train,test,train,train,train,train,test,test,0.265,1,1.0,159.75,"[20.31, 20.31, 20.31, 29.1, 20.31, 20.31, 29.1]",159.75,True,0.325072245,-0.778429208,0.1649611,-0.85210526
6780,2021_Kelly,2021,L2_1.4.2.2.1,6780,CC(=O)N1CCC[C@H]1C(=O)N[C@@H]1C(=O)N(C)[C@H](CC(C)C)C(=O)N[C@@H](CC(C)C)C(=O)N(C)[C@H](CC(C)C)C(=O)N[C@H](CC(C)C)C(=O)N[C@H](C)C(=O)N[C@@H](CC(C)C)C(=O)N2CCC[C@@H]2C(=O)O[C@@H]1C,10,Lariat,-5.76,,,,2.262,train,train,train,test,train,test,train,train,test,train,0.12,1,0.56,253.04,"[17.07, 20.31, 38.33, 20.31, 29.1, 20.31, 29.1, 29.1, 29.1, 20.31]",253.04,True,0.057967553,-0.068108273,0.07438949,-0.021481827
4678,2020_Townsend,2020,hepta_1101,4678,CC(C)C[C@H]1NC(=O)[C@@H](CC(C)C)N(C)C(=O)[C@H](C)N(C)C(=O)[C@@H]2CCCN2C(=O)[C@H](Cc2ccccc2)NC(=O)CN(Cc2ccccc2)C(=O)[C@@H]2CCCN2C1=O,7,Circle,-5.17,,,,2.9892,train,valid,train,test,train,train,test,valid,test,train,0.415,1,1.0,159.75,"[20.31, 20.31, 20.31, 29.1, 20.31, 20.31, 29.1]",159.75,True,0.205801126,-0.778429208,0.08847535,-0.7989681
4063,2020_Townsend,2020,hepta_486,4063,CC(C)C[C@H]1C(=O)N[C@@H](Cc2ccccc2)CC(=O)N2CCC[C@H]2C(=O)N[C@H](CC(C)C)C(=O)N[C@@H](Cc2ccccc2)C(=O)N2CCC[C@@H]2C(=O)N(C)[C@@H](C)C(=O)N1C,7,Circle,-6.45,,,,3.078,test,valid,train,test,train,test,train,train,test,test,-0.225,0,0.3875,168.54,"[20.31, 20.31, 20.31, 29.1, 20.31, 29.1, 29.1]",168.54,True,0.223853411,-0.711501123,0.037958678,-0.6938008
3140,2020_Townsend,2020,hexa_626,3140,CC(C)C[C@@H]1NC(=O)[C@H]2CCCN2C(=O)[C@H](CC(C)C)NC(=O)[C@@H](CC(C)C)N(C)C(=O)[C@@H](C)NC(=O)[C@H](Cc2ccccc2)NC1=O,6,Circle,-5.42,,,,2.1581,train,train,train,test,valid,train,train,test,test,train,0.29,1,1.0,157.02,"[29.1, 20.31, 29.1, 20.31, 29.1, 29.1]",157.02,True,0.036845567,-0.799215746,-0.0704537,-0.79430324
983,2015_Bockus_2,2015,cpd.2,983,CC[C@H](C)[C@@H]1NC(=O)[C@@H]2CCCN2C(=O)[C@H](Cc2ccccc2)NC(=O)[C@H](C)NC(=O)c2csc(n2)[C@H](CC(C)C)NC(=O)[C@@H]2CCCN2C1=O,6,Circle,-5.25,-5.89,,,2.7188,train,train,valid,test,train,test,train,train,test,train,0.375,1,1.0,169.91,"[41.99, 29.1, 29.1, 20.31, 29.1, 20.31]",169.91,True,0.150831106,-0.701069783,0.25520524,-0.72526765
5294,2020_Townsend,2020,hepta_1717,5294,CCCN1CC(=O)N(C)[C@H](CC(C)C)C(=O)N(C)[C@@H](CC(C)C)C(=O)N2CCC[C@H]2C(=O)N[C@@H](CC(C)C)C(=O)N[C@@H](Cc2ccccc2)C(=O)N2CCC[C@H]2C1=O,7,Circle,-6.22,,,,3.2252,train,train,train,test,train,train,train,train,test,train,-0.11,0,0.445,159.75,"[20.31, 20.31, 20.31, 20.31, 20.31, 29.1, 29.1]",159.75,True,0.253777918,-0.778429208,0.16309634,-0.8061004
2890,2020_Townsend,2020,hexa_376,2890,CC(C)C[C@H]1NC(=O)[C@@H]2CCCN2C(=O)CN(Cc2ccccc2)C(=O)[C@@H](CC(C)C)N(C)C(=O)[C@H](C)NC(=O)[C@H](Cc2ccccc2)NC1=O,6,Circle,-6.4,,,,2.656,train,train,valid,test,train,train,valid,train,test,valid,-0.2,0,0.4,148.23,"[29.1, 20.31, 20.31, 20.31, 29.1, 29.1]",148.23,True,0.138064401,-0.866143831,-0.030753866,-0.91573215
3488,2020_Townsend,2020,hexa_974,3488,CC(C)C[C@H]1C(=O)N(Cc2ccccc2)CC(=O)N2CCC[C@@H]2C(=O)N(Cc2ccccc2)CC(=O)N[C@@H](Cc2ccccc2)C(=O)N(C)[C@@H](C)C(=O)N1C,6,Circle,-5.43,,,,3.4961,train,train,train,test,valid,train,test,train,test,train,0.285,1,1.0,130.65,"[20.31, 20.31, 20.31, 20.31, 20.31, 29.1]",130.65,True,0.308849584,-1.0,0.06396488,-0.97840834
5029,2020_Townsend,2020,hepta_1452,5029,CC(C)C[C@H]1NC(=O)C[C@H](Cc2ccccc2)NC(=O)[C@H]2CCCN2C(=O)[C@H](Cc2ccccc2)NC(=O)CN(Cc2ccccc2)C(=O)[C@H]2CCCN2C(=O)[C@@H](CC(C)C)NC1=O,7,Circle,-6.25,,,,3.9177,train,test,train,test,train,train,train,train,test,train,-0.125,0,0.4375,177.33,"[20.31, 29.1, 29.1, 29.1, 20.31, 20.31, 29.1]",177.33,True,0.394557277,-0.644573038,0.013060875,-0.6461718
3997,2020_Townsend,2020,hepta_420,3997,CC(C)C[C@@H]1NC(=O)[C@H](C)N(C)C(=O)[C@H]2CCCN2C(=O)[C@H](Cc2ccccc2)NC(=O)[C@@H](CC(C)C)NC(=O)[C@@H]2CCCN2C(=O)[C@H](CC(C)C)N(C)C1=O,7,Circle,-5.91,,,,2.4913,train,valid,train,test,test,train,valid,train,test,train,0.045,1,0.5225,168.54,"[20.31, 20.31, 29.1, 20.31, 20.31, 29.1, 29.1]",168.54,True,0.104582292,-0.711501123,0.06360659,-0.70930636
1619,2016_Furukawa,2016,2.3-14Me,1619,CCCC[C@@H]1NC(=O)[C@H](CC(C)C)N(C)C(=O)CN(CC2CCCCC2)C(=O)[C@@H](Cc2ccccc2)NC(=O)CN(CCCOC(C)C)C(=O)[C@@H]2CCCN2C1=O,6,Circle,-5.1,,,,4.3192,train,train,train,test,train,valid,test,train,test,valid,0.45,1,1.0,148.67,"[29.1, 20.31, 20.31, 29.1, 20.31, 29.54]",148.67,True,0.476178811,-0.862793619,0.38925397,-0.86286306
6154,2021_Kelly,2021,L1_15.2.4.1.1.2,6154,CC(=O)N1CCC[C@@H]1C(=O)N(C)[C@H](CC(C)C)C(=O)N[C@@H]1C(=O)N[C@H](CC(C)C)C(=O)N(C)[C@H](CC(C)C)C(=O)N[C@@H](CC(C)C)C(=O)N[C@@H](C)C(=O)N[C@H](CC(C)C)C(=O)N2CCC[C@H]2C(=O)O[C@@H]1C,10,Lariat,-6.1,,,,2.262,test,valid,test,test,test,valid,train,valid,test,train,-0.05,0,0.475,253.04,"[17.07, 20.31, 20.31, 38.33, 29.1, 20.31, 29.1, 29.1, 29.1, 20.31]",253.04,True,0.057967553,-0.068108273,-0.21391821,-0.060126677
974,2015_Bockus_1,2015,compd.9,974,CC(C)C[C@@H]1NC(=O)[C@@H]2CCCN2C(=O)[C@@H](CC(C)C)N(C)C(=O)C[C@H](O)[C@H](CC(C)C)NC(=O)[C@@H](CC(C)C)N(C)C(=O)[C@@H](CC(C)C)N(C)C(=O)C[C@@H]1O,6,Circle,-5.52,,,,3.1741,train,valid,train,test,train,train,train,test,test,valid,0.24,1,0.62,179.9,"[20.31, 49.33, 20.31, 20.31, 49.33, 20.31]",179.9,True,0.243389723,-0.625004759,0.21110144,-0.73592454
3794,2020_Townsend,2020,hepta_217,3794,CC(C)C[C@@H]1C(=O)N[C@@H](Cc2ccccc2)C(=O)N2CCC[C@@H]2C(=O)N[C@H](C)C(=O)N(C)[C@H](CC(C)C)C(=O)N(Cc2ccccc2)CC(=O)N2CCC[C@H]2C(=O)N1C,7,Circle,-5.45,,,,2.9892,train,train,train,test,valid,train,train,train,test,train,0.275,1,1.0,159.75,"[20.31, 29.1, 20.31, 20.31, 20.31, 20.31, 29.1]",159.75,True,0.205801126,-0.778429208,-0.015946079,-0.7159023
6035,2021_Kelly,2021,L1_13.4.4.3.4.2,6035,CC(=O)N1CCC[C@H]1C(=O)N(C)[C@H](CC(C)C)C(=O)N[C@@H]1C(=O)N(C)[C@H](CC(C)C)C(=O)N(C)[C@H](CC(C)C)C(=O)N(C)[C@@H](CC(C)C)C(=O)N(C)[C@H](C)C(=O)N[C@H](CC(C)C)C(=O)N2CCC[C@H]2C(=O)O[C@@H]1C,10,Lariat,-5.04,,,,3.2886,train,train,train,test,train,test,train,valid,test,train,0.48,1,1.0,226.67,"[17.07, 20.31, 20.31, 38.33, 20.31, 20.31, 20.31, 20.31, 29.1, 20.31]",226.67,True,0.266666599,-0.268892527,0.31212384,-0.2746082
4536,2020_Townsend,2020,hepta_959,4536,CC(C)C[C@@H]1C(=O)N[C@@H](Cc2ccccc2)C(=O)N2CCC[C@H]2C(=O)N[C@H](C)C(=O)N(C)[C@H](CC(C)C)C(=O)N(Cc2ccccc2)CC(=O)N2CCC[C@H]2C(=O)N1C,7,Circle,-6.03,,,,2.9892,train,train,train,test,train,train,train,test,test,train,-0.015,0,0.4925,159.75,"[20.31, 29.1, 20.31, 20.31, 20.31, 20.31, 29.1]",159.75,True,0.205801126,-0.778429208,-0.007207822,-0.6915827
5977,2021_Kelly,2021,L1_13.1.1.1.3.2,5977,CC(=O)N1CCC[C@H]1C(=O)N(C)[C@H](CC(C)C)C(=O)N[C@@H]1C(=O)N[C@@H](CC(C)C)C(=O)N[C@@H](CC(C)C)C(=O)N[C@@H](CC(C)C)C(=O)N(C)[C@@H](C)C(=O)N[C@H](CC(C)C)C(=O)N2CCC[C@H]2C(=O)O[C@@H]1C,10,Lariat,-6.21,,,,2.262,train,train,train,test,train,test,train,train,test,test,-0.105,0,0.4475,253.04,"[17.07, 20.31, 20.31, 38.33, 29.1, 29.1, 29.1, 20.31, 29.1, 20.31]",253.04,True,0.057967553,-0.068108273,-0.23864302,-0.008416414
3425,2020_Townsend,2020,hexa_911,3425,CC(C)C[C@@H]1NC(=O)[C@@H](CC(C)C)NC(=O)[C@H](C)N(C)C(=O)[C@H](Cc2ccccc2)NC(=O)[C@@H](CC(C)C)N(C)C(=O)[C@H]2CCCN2C1=O,6,Circle,-5.06,,,,2.5003,train,train,test,test,train,train,train,train,test,train,0.47,1,1.0,148.23,"[20.31, 29.1, 29.1, 20.31, 20.31, 29.1]",148.23,True,0.106411915,-0.866143831,0.3479022,-0.930731
5550,2020_Townsend,2020,hepta_1973,5550,CC(C)C[C@@H]1NC(=O)[C@H]2CCCN2C(=O)[C@H](CC(C)C)NC(=O)[C@@H](CC(C)C)N(C)C(=O)[C@H](C)N(C)C(=O)[C@@H]2CCCN2C(=O)[C@H](Cc2ccccc2)NC1=O,7,Circle,-5.83,,,,2.4913,train,train,train,test,train,train,train,train,test,train,0.085,1,0.5425,168.54,"[20.31, 20.31, 20.31, 29.1, 20.31, 29.1, 29.1]",168.54,True,0.104582292,-0.711501123,-0.17931253,-0.70604074
562,2013_CHUGAI,2013,DP-567,562,CC[C@H](C)[C@H](NC(=O)[C@H](Cc1ccccc1)N(C)C(=O)[C@@H]1CC(=O)N[C@@H](C)C(=O)N(C)[C@@H](CC(C)C)C(=O)N[C@@H]([C@@H](C)O)C(=O)N(C)CC(=O)N(C)[C@@H](Cc2ccccc2)C(=O)N[C@@H](CC(C)C)C(=O)N1)C(=O)N1CCCCC1,10,Lariat,-4.52,,,,1.7904,train,train,train,test,train,test,train,test,test,train,0.74,1,1.0,267.28,"[29.1, 20.31, 38.33, 20.31, 20.31, 29.1, 46.17, 20.31, 29.1, 3.24]",256.28,True,-0.037904715,0.040316747,0.40069354,-0.03660527
4522,2020_Townsend,2020,hepta_945,4522,CC(C)C[C@H]1NC(=O)[C@@H](C)NC(=O)[C@@H]2CCCN2C(=O)[C@H](Cc2ccccc2)NC(=O)CN(Cc2ccccc2)C(=O)[C@@H]2CCCN2C(=O)[C@@H](CC(C)C)N(C)C1=O,7,Circle,-6.63,,,,2.647,train,test,train,test,train,train,train,train,test,train,-0.315,0,0.0,168.54,"[20.31, 29.1, 29.1, 20.31, 20.31, 20.31, 29.1]",168.54,True,0.136234777,-0.711501123,-0.19408527,-0.7435663
6485,2021_Kelly,2021,L1_5.1.2.3.1.1,6485,CC(=O)N1CCC[C@H]1C(=O)N(C)[C@H](CC(C)C)C(=O)N[C@@H]1C(=O)N[C@@H](CC(C)C)C(=O)N[C@H](CC(C)C)C(=O)N(C)[C@@H](CC(C)C)C(=O)N[C@@H](C)C(=O)N[C@@H](CC(C)C)C(=O)N2CCC[C@H]2C(=O)O[C@@H]1C,10,Lariat,-6.45,,,,2.262,valid,test,valid,test,train,valid,train,train,test,train,-0.225,0,0.3875,253.04,"[17.07, 20.31, 20.31, 38.33, 29.1, 29.1, 20.31, 29.1, 29.1, 20.31]",253.04,True,0.057967553,-0.068108273,-0.08020181,-0.007906944
